-50 0 -0.175
-50 0 -0.525
-50 0 -0.875
-50 0 -1.225
-50 0 -1.575
-50 0 -1.925
-50 0 -2.275
-50 0 -2.625
-50 0 -2.975
-50 0 -3.325
-50 0 -3.675
-50 0 -4.025
-50 0 -4.375
-50 0 -4.725
-50 0 -5.075
-50 0 -5.425
-50 0 -5.775
-50 0 -6.125
-50 0 -6.475
-50 0 -6.825
-50 0 -6.825
-50 0 -6.475
-50 0 -6.125
-50 0 -5.775
-50 0 -5.425
-50 0 -5.075
-50 0 -4.725
-50 0 -4.375
-50 0 -4.025
-50 0 -3.675
-50 0 -3.325
-50 0 -2.975
-50 0 -2.625
-50 0 -2.275
-50 0 -1.925
-50 0 -1.575
-50 0 -1.225
-50 0 -0.875
-50 0 -0.525
-50 0 -0.175
-45 -1.103 -0.175
-45 -1.097 -0.525
-45 -1.086 -0.875
-45 -1.07 -1.225
-45 -1.048 -1.575
-45 -1.02 -1.925
-45 -0.987 -2.275
-45 -0.949 -2.625
-45 -0.905 -2.975
-45 -0.856 -3.325
-45 -0.801 -3.675
-45 -0.74 -4.025
-45 -0.674 -4.375
-45 -0.603 -4.725
-45 -0.526 -5.075
-45 -0.444 -5.425
-45 -0.355 -5.775
-45 -0.261 -6.125
-45 -0.161 -6.475
-45 -0.055 -6.825
-45 0.055 -6.825
-45 0.161 -6.475
-45 0.261 -6.125
-45 0.355 -5.775
-45 0.444 -5.425
-45 0.526 -5.075
-45 0.603 -4.725
-45 0.674 -4.375
-45 0.74 -4.025
-45 0.801 -3.675
-45 0.856 -3.325
-45 0.905 -2.975
-45 0.949 -2.625
-45 0.987 -2.275
-45 1.02 -1.925
-45 1.048 -1.575
-45 1.07 -1.225
-45 1.086 -0.875
-45 1.097 -0.525
-45 1.103 -0.175
-40 -2.028 -0.175
-40 -2.018 -0.525
-40 -1.999 -0.875
-40 -1.97 -1.225
-40 -1.931 -1.575
-40 -1.882 -1.925
-40 -1.824 -2.275
-40 -1.755 -2.625
-40 -1.678 -2.975
-40 -1.59 -3.325
-40 -1.493 -3.675
-40 -1.385 -4.025
-40 -1.268 -4.375
-40 -1.141 -4.725
-40 -1.003 -5.075
-40 -0.853 -5.425
-40 -0.692 -5.775
-40 -0.516 -6.125
-40 -0.324 -6.475
-40 -0.112 -6.825
-40 0.112 -6.825
-40 0.324 -6.475
-40 0.516 -6.125
-40 0.692 -5.775
-40 0.853 -5.425
-40 1.003 -5.075
-40 1.141 -4.725
-40 1.268 -4.375
-40 1.385 -4.025
-40 1.493 -3.675
-40 1.59 -3.325
-40 1.678 -2.975
-40 1.755 -2.625
-40 1.824 -2.275
-40 1.882 -1.925
-40 1.931 -1.575
-40 1.97 -1.225
-40 1.999 -0.875
-40 2.018 -0.525
-40 2.028 -0.175
-35 -2.797 -0.175
-35 -2.785 -0.525
-35 -2.76 -0.875
-35 -2.723 -1.225
-35 -2.674 -1.575
-35 -2.612 -1.925
-35 -2.538 -2.275
-35 -2.452 -2.625
-35 -2.354 -2.975
-35 -2.243 -3.325
-35 -2.119 -3.675
-35 -1.983 -4.025
-35 -1.833 -4.375
-35 -1.67 -4.725
-35 -1.49 -5.075
-35 -1.292 -5.425
-35 -1.071 -5.775
-35 -0.821 -6.125
-35 -0.532 -6.475
-35 -0.188 -6.825
-35 0.188 -6.825
-35 0.532 -6.475
-35 0.821 -6.125
-35 1.071 -5.775
-35 1.292 -5.425
-35 1.49 -5.075
-35 1.67 -4.725
-35 1.833 -4.375
-35 1.983 -4.025
-35 2.119 -3.675
-35 2.243 -3.325
-35 2.354 -2.975
-35 2.452 -2.625
-35 2.538 -2.275
-35 2.612 -1.925
-35 2.674 -1.575
-35 2.723 -1.225
-35 2.76 -0.875
-35 2.785 -0.525
-35 2.797 -0.175
-30 -3.427 -0.175
-30 -3.414 -0.525
-30 -3.388 -0.875
-30 -3.349 -1.225
-30 -3.298 -1.575
-30 -3.233 -1.925
-30 -3.155 -2.275
-30 -3.064 -2.625
-30 -2.96 -2.975
-30 -2.844 -3.325
-30 -2.713 -3.675
-30 -2.568 -4.025
-30 -2.408 -4.375
-30 -2.231 -4.725
-30 -2.031 -5.075
-30 -1.804 -5.425
-30 -1.537 -5.775
-30 -1.216 -6.125
-30 -0.814 -6.475
-30 -0.295 -6.825
-30 0.295 -6.825
-30 0.814 -6.475
-30 1.216 -6.125
-30 1.537 -5.775
-30 1.804 -5.425
-30 2.031 -5.075
-30 2.231 -4.725
-30 2.408 -4.375
-30 2.568 -4.025
-30 2.713 -3.675
-30 2.844 -3.325
-30 2.96 -2.975
-30 3.064 -2.625
-30 3.155 -2.275
-30 3.233 -1.925
-30 3.298 -1.575
-30 3.349 -1.225
-30 3.388 -0.875
-30 3.414 -0.525
-30 3.427 -0.175
-25 -3.935 -0.175
-25 -3.923 -0.525
-25 -3.899 -0.875
-25 -3.864 -1.225
-25 -3.817 -1.575
-25 -3.758 -1.925
-25 -3.687 -2.275
-25 -3.605 -2.625
-25 -3.51 -2.975
-25 -3.404 -3.325
-25 -3.284 -3.675
-25 -3.15 -4.025
-25 -3 -4.375
-25 -2.83 -4.725
-25 -2.631 -5.075
-25 -2.392 -5.425
-25 -2.092 -5.775
-25 -1.701 -6.125
-25 -1.171 -6.475
-25 -0.432 -6.825
-25 0.432 -6.825
-25 1.171 -6.475
-25 1.701 -6.125
-25 2.092 -5.775
-25 2.392 -5.425
-25 2.631 -5.075
-25 2.83 -4.725
-25 3 -4.375
-25 3.15 -4.025
-25 3.284 -3.675
-25 3.404 -3.325
-25 3.51 -2.975
-25 3.605 -2.625
-25 3.687 -2.275
-25 3.758 -1.925
-25 3.817 -1.575
-25 3.864 -1.225
-25 3.899 -0.875
-25 3.923 -0.525
-25 3.935 -0.175
-20 -4.332 -0.175
-20 -4.323 -0.525
-20 -4.304 -0.875
-20 -4.277 -1.225
-20 -4.24 -1.575
-20 -4.194 -1.925
-20 -4.138 -2.275
-20 -4.074 -2.625
-20 -3.999 -2.975
-20 -3.915 -3.325
-20 -3.82 -3.675
-20 -3.713 -4.025
-20 -3.588 -4.375
-20 -3.441 -4.725
-20 -3.258 -5.075
-20 -3.021 -5.425
-20 -2.699 -5.775
-20 -2.242 -6.125
-20 -1.575 -6.475
-20 -0.589 -6.825
-20 0.589 -6.825
-20 1.575 -6.475
-20 2.242 -6.125
-20 2.699 -5.775
-20 3.021 -5.425
-20 3.258 -5.075
-20 3.441 -4.725
-20 3.588 -4.375
-20 3.713 -4.025
-20 3.82 -3.675
-20 3.915 -3.325
-20 3.999 -2.975
-20 4.074 -2.625
-20 4.138 -2.275
-20 4.194 -1.925
-20 4.24 -1.575
-20 4.277 -1.225
-20 4.304 -0.875
-20 4.323 -0.525
-20 4.332 -0.175
-15 -4.63 -0.175
-15 -4.624 -0.525
-15 -4.612 -0.875
-15 -4.594 -1.225
-15 -4.57 -1.575
-15 -4.54 -1.925
-15 -4.504 -2.275
-15 -4.462 -2.625
-15 -4.413 -2.975
-15 -4.357 -3.325
-15 -4.294 -3.675
-15 -4.219 -4.025
-15 -4.128 -4.375
-15 -4.011 -4.725
-15 -3.854 -5.075
-15 -3.628 -5.425
-15 -3.291 -5.775
-15 -2.775 -6.125
-15 -1.977 -6.475
-15 -0.747 -6.825
-15 0.747 -6.825
-15 1.977 -6.475
-15 2.775 -6.125
-15 3.291 -5.775
-15 3.628 -5.425
-15 3.854 -5.075
-15 4.011 -4.725
-15 4.128 -4.375
-15 4.219 -4.025
-15 4.294 -3.675
-15 4.357 -3.325
-15 4.413 -2.975
-15 4.462 -2.625
-15 4.504 -2.275
-15 4.54 -1.925
-15 4.57 -1.575
-15 4.594 -1.225
-15 4.612 -0.875
-15 4.624 -0.525
-15 4.63 -0.175
-10 -4.838 -0.175
-10 -4.835 -0.525
-10 -4.829 -0.875
-10 -4.82 -1.225
-10 -4.808 -1.575
-10 -4.793 -1.925
-10 -4.775 -2.275
-10 -4.755 -2.625
-10 -4.73 -2.975
-10 -4.702 -3.325
-10 -4.668 -3.675
-10 -4.624 -4.025
-10 -4.565 -4.375
-10 -4.48 -4.725
-10 -4.347 -5.075
-10 -4.135 -5.425
-10 -3.789 -5.775
-10 -3.227 -6.125
-10 -2.32 -6.475
-10 -0.881 -6.825
-10 0.881 -6.825
-10 2.32 -6.475
-10 3.227 -6.125
-10 3.789 -5.775
-10 4.135 -5.425
-10 4.347 -5.075
-10 4.48 -4.725
-10 4.565 -4.375
-10 4.624 -4.025
-10 4.668 -3.675
-10 4.702 -3.325
-10 4.73 -2.975
-10 4.755 -2.625
-10 4.775 -2.275
-10 4.793 -1.925
-10 4.808 -1.575
-10 4.82 -1.225
-10 4.829 -0.875
-10 4.835 -0.525
-10 4.838 -0.175
-5 -4.96 -0.175
-5 -4.959 -0.525
-5 -4.957 -0.875
-5 -4.955 -1.225
-5 -4.952 -1.575
-5 -4.948 -1.925
-5 -4.943 -2.275
-5 -4.937 -2.625
-5 -4.93 -2.975
-5 -4.921 -3.325
-5 -4.908 -3.675
-5 -4.887 -4.025
-5 -4.852 -4.375
-5 -4.788 -4.725
-5 -4.674 -5.075
-5 -4.472 -5.425
-5 -4.122 -5.775
-5 -3.53 -6.125
-5 -2.55 -6.475
-5 -0.971 -6.825
-5 0.971 -6.825
-5 2.55 -6.475
-5 3.53 -6.125
-5 4.122 -5.775
-5 4.472 -5.425
-5 4.674 -5.075
-5 4.788 -4.725
-5 4.852 -4.375
-5 4.887 -4.025
-5 4.908 -3.675
-5 4.921 -3.325
-5 4.93 -2.975
-5 4.937 -2.625
-5 4.943 -2.275
-5 4.948 -1.925
-5 4.952 -1.575
-5 4.955 -1.225
-5 4.957 -0.875
-5 4.959 -0.525
-5 4.96 -0.175
0 -5 -0.175
0 -5 -0.525
0 -5 -0.875
0 -5 -1.225
0 -5 -1.575
0 -5 -1.925
0 -5 -2.275
0 -5 -2.625
0 -4.999 -2.975
0 -4.997 -3.325
0 -4.991 -3.675
0 -4.979 -4.025
0 -4.951 -4.375
0 -4.896 -4.725
0 -4.789 -5.075
0 -4.591 -5.425
0 -4.239 -5.775
0 -3.636 -6.125
0 -2.631 -6.475
0 -1.003 -6.825
0 1.003 -6.825
0 2.631 -6.475
0 3.636 -6.125
0 4.239 -5.775
0 4.591 -5.425
0 4.789 -5.075
0 4.896 -4.725
0 4.951 -4.375
0 4.979 -4.025
0 4.991 -3.675
0 4.997 -3.325
0 4.999 -2.975
0 5 -2.625
0 5 -2.275
0 5 -1.925
0 5 -1.575
0 5 -1.225
0 5 -0.875
0 5 -0.525
0 5 -0.175
5 -4.96 -0.175
5 -4.959 -0.525
5 -4.957 -0.875
5 -4.955 -1.225
5 -4.952 -1.575
5 -4.948 -1.925
5 -4.943 -2.275
5 -4.937 -2.625
5 -4.93 -2.975
5 -4.921 -3.325
5 -4.908 -3.675
5 -4.887 -4.025
5 -4.852 -4.375
5 -4.788 -4.725
5 -4.674 -5.075
5 -4.472 -5.425
5 -4.122 -5.775
5 -3.53 -6.125
5 -2.55 -6.475
5 -0.971 -6.825
5 0.971 -6.825
5 2.55 -6.475
5 3.53 -6.125
5 4.122 -5.775
5 4.472 -5.425
5 4.674 -5.075
5 4.788 -4.725
5 4.852 -4.375
5 4.887 -4.025
5 4.908 -3.675
5 4.921 -3.325
5 4.93 -2.975
5 4.937 -2.625
5 4.943 -2.275
5 4.948 -1.925
5 4.952 -1.575
5 4.955 -1.225
5 4.957 -0.875
5 4.959 -0.525
5 4.96 -0.175
10 -4.838 -0.175
10 -4.835 -0.525
10 -4.829 -0.875
10 -4.82 -1.225
10 -4.808 -1.575
10 -4.793 -1.925
10 -4.775 -2.275
10 -4.755 -2.625
10 -4.73 -2.975
10 -4.702 -3.325
10 -4.668 -3.675
10 -4.624 -4.025
10 -4.565 -4.375
10 -4.48 -4.725
10 -4.347 -5.075
10 -4.135 -5.425
10 -3.789 -5.775
10 -3.227 -6.125
10 -2.32 -6.475
10 -0.881 -6.825
10 0.881 -6.825
10 2.32 -6.475
10 3.227 -6.125
10 3.789 -5.775
10 4.135 -5.425
10 4.347 -5.075
10 4.48 -4.725
10 4.565 -4.375
10 4.624 -4.025
10 4.668 -3.675
10 4.702 -3.325
10 4.73 -2.975
10 4.755 -2.625
10 4.775 -2.275
10 4.793 -1.925
10 4.808 -1.575
10 4.82 -1.225
10 4.829 -0.875
10 4.835 -0.525
10 4.838 -0.175
15 -4.63 -0.175
15 -4.624 -0.525
15 -4.612 -0.875
15 -4.594 -1.225
15 -4.57 -1.575
15 -4.54 -1.925
15 -4.504 -2.275
15 -4.462 -2.625
15 -4.413 -2.975
15 -4.357 -3.325
15 -4.294 -3.675
15 -4.219 -4.025
15 -4.128 -4.375
15 -4.011 -4.725
15 -3.854 -5.075
15 -3.628 -5.425
15 -3.291 -5.775
15 -2.775 -6.125
15 -1.977 -6.475
15 -0.747 -6.825
15 0.747 -6.825
15 1.977 -6.475
15 2.775 -6.125
15 3.291 -5.775
15 3.628 -5.425
15 3.854 -5.075
15 4.011 -4.725
15 4.128 -4.375
15 4.219 -4.025
15 4.294 -3.675
15 4.357 -3.325
15 4.413 -2.975
15 4.462 -2.625
15 4.504 -2.275
15 4.54 -1.925
15 4.57 -1.575
15 4.594 -1.225
15 4.612 -0.875
15 4.624 -0.525
15 4.63 -0.175
20 -4.332 -0.175
20 -4.323 -0.525
20 -4.304 -0.875
20 -4.277 -1.225
20 -4.24 -1.575
20 -4.194 -1.925
20 -4.138 -2.275
20 -4.074 -2.625
20 -3.999 -2.975
20 -3.915 -3.325
20 -3.82 -3.675
20 -3.713 -4.025
20 -3.588 -4.375
20 -3.441 -4.725
20 -3.258 -5.075
20 -3.021 -5.425
20 -2.699 -5.775
20 -2.242 -6.125
20 -1.575 -6.475
20 -0.589 -6.825
20 0.589 -6.825
20 1.575 -6.475
20 2.242 -6.125
20 2.699 -5.775
20 3.021 -5.425
20 3.258 -5.075
20 3.441 -4.725
20 3.588 -4.375
20 3.713 -4.025
20 3.82 -3.675
20 3.915 -3.325
20 3.999 -2.975
20 4.074 -2.625
20 4.138 -2.275
20 4.194 -1.925
20 4.24 -1.575
20 4.277 -1.225
20 4.304 -0.875
20 4.323 -0.525
20 4.332 -0.175
25 -3.935 -0.175
25 -3.923 -0.525
25 -3.899 -0.875
25 -3.864 -1.225
25 -3.817 -1.575
25 -3.758 -1.925
25 -3.687 -2.275
25 -3.605 -2.625
25 -3.51 -2.975
25 -3.404 -3.325
25 -3.284 -3.675
25 -3.15 -4.025
25 -3 -4.375
25 -2.83 -4.725
25 -2.631 -5.075
25 -2.392 -5.425
25 -2.092 -5.775
25 -1.701 -6.125
25 -1.171 -6.475
25 -0.432 -6.825
25 0.432 -6.825
25 1.171 -6.475
25 1.701 -6.125
25 2.092 -5.775
25 2.392 -5.425
25 2.631 -5.075
25 2.83 -4.725
25 3 -4.375
25 3.15 -4.025
25 3.284 -3.675
25 3.404 -3.325
25 3.51 -2.975
25 3.605 -2.625
25 3.687 -2.275
25 3.758 -1.925
25 3.817 -1.575
25 3.864 -1.225
25 3.899 -0.875
25 3.923 -0.525
25 3.935 -0.175
30 -3.427 -0.175
30 -3.414 -0.525
30 -3.388 -0.875
30 -3.349 -1.225
30 -3.298 -1.575
30 -3.233 -1.925
30 -3.155 -2.275
30 -3.064 -2.625
30 -2.96 -2.975
30 -2.844 -3.325
30 -2.713 -3.675
30 -2.568 -4.025
30 -2.408 -4.375
30 -2.231 -4.725
30 -2.031 -5.075
30 -1.804 -5.425
30 -1.537 -5.775
30 -1.216 -6.125
30 -0.814 -6.475
30 -0.295 -6.825
30 0.295 -6.825
30 0.814 -6.475
30 1.216 -6.125
30 1.537 -5.775
30 1.804 -5.425
30 2.031 -5.075
30 2.231 -4.725
30 2.408 -4.375
30 2.568 -4.025
30 2.713 -3.675
30 2.844 -3.325
30 2.96 -2.975
30 3.064 -2.625
30 3.155 -2.275
30 3.233 -1.925
30 3.298 -1.575
30 3.349 -1.225
30 3.388 -0.875
30 3.414 -0.525
30 3.427 -0.175
35 -2.797 -0.175
35 -2.785 -0.525
35 -2.76 -0.875
35 -2.723 -1.225
35 -2.674 -1.575
35 -2.612 -1.925
35 -2.538 -2.275
35 -2.452 -2.625
35 -2.354 -2.975
35 -2.243 -3.325
35 -2.119 -3.675
35 -1.983 -4.025
35 -1.833 -4.375
35 -1.67 -4.725
35 -1.49 -5.075
35 -1.292 -5.425
35 -1.071 -5.775
35 -0.821 -6.125
35 -0.532 -6.475
35 -0.188 -6.825
35 0.188 -6.825
35 0.532 -6.475
35 0.821 -6.125
35 1.071 -5.775
35 1.292 -5.425
35 1.49 -5.075
35 1.67 -4.725
35 1.833 -4.375
35 1.983 -4.025
35 2.119 -3.675
35 2.243 -3.325
35 2.354 -2.975
35 2.452 -2.625
35 2.538 -2.275
35 2.612 -1.925
35 2.674 -1.575
35 2.723 -1.225
35 2.76 -0.875
35 2.785 -0.525
35 2.797 -0.175
40 -2.028 -0.175
40 -2.018 -0.525
40 -1.999 -0.875
40 -1.97 -1.225
40 -1.931 -1.575
40 -1.882 -1.925
40 -1.824 -2.275
40 -1.755 -2.625
40 -1.678 -2.975
40 -1.59 -3.325
40 -1.493 -3.675
40 -1.385 -4.025
40 -1.268 -4.375
40 -1.141 -4.725
40 -1.003 -5.075
40 -0.853 -5.425
40 -0.692 -5.775
40 -0.516 -6.125
40 -0.324 -6.475
40 -0.112 -6.825
40 0.112 -6.825
40 0.324 -6.475
40 0.516 -6.125
40 0.692 -5.775
40 0.853 -5.425
40 1.003 -5.075
40 1.141 -4.725
40 1.268 -4.375
40 1.385 -4.025
40 1.493 -3.675
40 1.59 -3.325
40 1.678 -2.975
40 1.755 -2.625
40 1.824 -2.275
40 1.882 -1.925
40 1.931 -1.575
40 1.97 -1.225
40 1.999 -0.875
40 2.018 -0.525
40 2.028 -0.175
45 -1.103 -0.175
45 -1.097 -0.525
45 -1.086 -0.875
45 -1.07 -1.225
45 -1.048 -1.575
45 -1.02 -1.925
45 -0.987 -2.275
45 -0.949 -2.625
45 -0.905 -2.975
45 -0.856 -3.325
45 -0.801 -3.675
45 -0.74 -4.025
45 -0.674 -4.375
45 -0.603 -4.725
45 -0.526 -5.075
45 -0.444 -5.425
45 -0.355 -5.775
45 -0.261 -6.125
45 -0.161 -6.475
45 -0.055 -6.825
45 0.055 -6.825
45 0.161 -6.475
45 0.261 -6.125
45 0.355 -5.775
45 0.444 -5.425
45 0.526 -5.075
45 0.603 -4.725
45 0.674 -4.375
45 0.74 -4.025
45 0.801 -3.675
45 0.856 -3.325
45 0.905 -2.975
45 0.949 -2.625
45 0.987 -2.275
45 1.02 -1.925
45 1.048 -1.575
45 1.07 -1.225
45 1.086 -0.875
45 1.097 -0.525
45 1.103 -0.175
50 0 -0.175
50 0 -0.525
50 0 -0.875
50 0 -1.225
50 0 -1.575
50 0 -1.925
50 0 -2.275
50 0 -2.625
50 0 -2.975
50 0 -3.325
50 0 -3.675
50 0 -4.025
50 0 -4.375
50 0 -4.725
50 0 -5.075
50 0 -5.425
50 0 -5.775
50 0 -6.125
50 0 -6.475
50 0 -6.825
50 0 -6.825
50 0 -6.475
50 0 -6.125
50 0 -5.775
50 0 -5.425
50 0 -5.075
50 0 -4.725
50 0 -4.375
50 0 -4.025
50 0 -3.675
50 0 -3.325
50 0 -2.975
50 0 -2.625
50 0 -2.275
50 0 -1.925
50 0 -1.575
50 0 -1.225
50 0 -0.875
50 0 -0.525
50 0 -0.175