          21   100.0000       0.000000       20.00000    
   0.000000              21
           1   0.000000      -6.250000    
           2   0.000000      -5.937500    
           3   0.000000      -5.625000    
           4   0.000000      -5.312500    
           5   0.000000      -5.000000    
           6   0.000000      -4.687500    
           7   0.000000      -4.375000    
           8   0.000000      -4.062500    
           9   0.000000      -3.750000    
          10   0.000000      -3.437500    
          11   0.000000      -3.125000    
          12   0.000000      -2.812500    
          13   0.000000      -2.500000    
          14   0.000000      -2.187500    
          15   0.000000      -1.875000    
          16   0.000000      -1.562500    
          17   0.000000      -1.250000    
          18   0.000000     -0.9375000    
          19   0.000000     -0.6250000    
          20   0.000000     -0.3125000    
          21   0.000000       0.000000    
   1.000000              21
           1   0.000000      -6.250000    
           2  0.1096096      -5.937500    
           3  0.2127471      -5.625000    
           4  0.3097573      -5.312500    
           5  0.4008746      -5.000000    
           6  0.4862547      -4.687500    
           7  0.5659980      -4.375000    
           8  0.6401677      -4.062500    
           9  0.7088026      -3.750000    
          10  0.7719250      -3.437500    
          11  0.8295479      -3.125000    
          12  0.8816778      -2.812500    
          13  0.9283181      -2.500000    
          14  0.9694705      -2.187500    
          15   1.005136      -1.875000    
          16   1.035314      -1.562500    
          17   1.060005      -1.250000    
          18   1.079209     -0.9375000    
          19   1.092927     -0.6250000    
          20   1.101157     -0.3125000    
          21   1.103900       0.000000    
   2.000000              21
           1   0.000000      -6.250000    
           2  0.2234743      -5.937500    
           3  0.4245182      -5.625000    
           4  0.6075783      -5.312500    
           5  0.7756741      -5.000000    
           6  0.9308099      -4.687500    
           7   1.074282      -4.375000    
           8   1.206907      -4.062500    
           9   1.329181      -3.750000    
          10   1.441395      -3.437500    
          11   1.543713      -3.125000    
          12   1.636221      -2.812500    
          13   1.718964      -2.500000    
          14   1.791961      -2.187500    
          15   1.855221      -1.875000    
          16   1.908748      -1.562500    
          17   1.952543      -1.250000    
          18   1.986605     -0.9375000    
          19   2.010936     -0.6250000    
          20   2.025534     -0.3125000    
          21   2.030400       0.000000    
   3.000000              21
           1   0.000000      -6.250000    
           2  0.3757412      -5.937500    
           3  0.6880278      -5.625000    
           4  0.9547703      -5.312500    
           5   1.188130      -5.000000    
           6   1.396179      -4.687500    
           7   1.584141      -4.375000    
           8   1.755303      -4.062500    
           9   1.911664      -3.750000    
          10   2.054397      -3.437500    
          11   2.184160      -3.125000    
          12   2.301303      -2.812500    
          13   2.406002      -2.500000    
          14   2.498340      -2.187500    
          15   2.578350      -1.875000    
          16   2.646047      -1.562500    
          17   2.701434      -1.250000    
          18   2.744513     -0.9375000    
          19   2.775283     -0.6250000    
          20   2.793746     -0.3125000    
          21   2.799900       0.000000    
   4.000000              21
           1   0.000000      -6.250000    
           2  0.5892791      -5.937500    
           3   1.038761      -5.625000    
           4   1.392863      -5.312500    
           5   1.681743      -5.000000    
           6   1.925420      -4.687500    
           7   2.136850      -4.375000    
           8   2.324182      -4.062500    
           9   2.492373      -3.750000    
          10   2.644335      -3.437500    
          11   2.781696      -3.125000    
          12   2.905328      -2.812500    
          13   3.015666      -2.500000    
          14   3.112913      -2.187500    
          15   3.197156      -1.875000    
          16   3.268428      -1.562500    
          17   3.326738      -1.250000    
          18   3.372090     -0.9375000    
          19   3.404484     -0.6250000    
          20   3.423921     -0.3125000    
          21   3.430400       0.000000    
   5.000000              21
           1   0.000000      -6.250000    
           2  0.8644691      -5.937500    
           3   1.477950      -5.625000    
           4   1.924212      -5.312500    
           5   2.260130      -5.000000    
           6   2.523459      -4.687500    
           7   2.738632      -4.375000    
           8   2.921016      -4.062500    
           9   3.079965      -3.750000    
          10   3.220963      -3.437500    
          11   3.347088      -3.125000    
          12   3.459979      -2.812500    
          13   3.560459      -2.500000    
          14   3.648911      -2.187500    
          15   3.725498      -1.875000    
          16   3.790281      -1.562500    
          17   3.843281      -1.250000    
          18   3.884502     -0.9375000    
          19   3.913945     -0.6250000    
          20   3.931611     -0.3125000    
          21   3.937500       0.000000    
   6.000000              21
           1   0.000000      -6.250000    
           2   1.178779      -5.937500    
           3   1.971930      -5.625000    
           4   2.511265      -5.312500    
           5   2.886279      -5.000000    
           6   3.156378      -4.687500    
           7   3.360010      -4.375000    
           8   3.521356      -4.062500    
           9   3.655132      -3.750000    
          10   3.769969      -3.437500    
          11   3.870708      -3.125000    
          12   3.959931      -2.812500    
          13   4.038931      -2.500000    
          14   4.108313      -2.187500    
          15   4.168331      -1.875000    
          16   4.219082      -1.562500    
          17   4.260598      -1.250000    
          18   4.292886     -0.9375000    
          19   4.315949     -0.6250000    
          20   4.329787     -0.3125000    
          21   4.334400       0.000000    
   7.000000              21
           1   0.000000      -6.250000    
           2   1.493137      -5.937500    
           3   2.461817      -5.625000    
           4   3.087590      -5.312500    
           5   3.493723      -5.000000    
           6   3.762042      -4.687500    
           7   3.945501      -4.375000    
           8   4.077408      -4.062500    
           9   4.178033      -3.750000    
          10   4.259262      -3.437500    
          11   4.327764      -3.125000    
          12   4.387094      -2.812500    
          13   4.439036      -2.500000    
          14   4.484419      -2.187500    
          15   4.523596      -1.875000    
          16   4.556699      -1.562500    
          17   4.583773      -1.250000    
          18   4.604829     -0.9375000    
          19   4.619868     -0.6250000    
          20   4.628892     -0.3125000    
          21   4.631900       0.000000    
   8.000000              21
           1   0.000000      -6.250000    
           2   1.761745      -5.937500    
           3   2.878406      -5.625000    
           4   3.574847      -5.312500    
           5   4.003743      -5.000000    
           6   4.266438      -4.687500    
           7   4.428523      -4.375000    
           8   4.531248      -4.062500    
           9   4.599721      -3.750000    
          10   4.648664      -3.437500    
          11   4.686336      -3.125000    
          12   4.717141      -2.812500    
          13   4.743288      -2.500000    
          14   4.765803      -2.187500    
          15   4.785125      -1.875000    
          16   4.801417      -1.562500    
          17   4.814733      -1.250000    
          18   4.825087     -0.9375000    
          19   4.832483     -0.6250000    
          20   4.836921     -0.3125000    
          21   4.838400       0.000000    
   9.000000              21
           1   0.000000      -6.250000    
           2   1.942559      -5.937500    
           3   3.158100      -5.625000    
           4   3.900942      -5.312500    
           5   4.343755      -5.000000    
           6   4.601160      -4.687500    
           7   4.747336      -4.375000    
           8   4.828940      -4.062500    
           9   4.874367      -3.750000    
          10   4.900266      -3.437500    
          11   4.915979      -3.125000    
          12   4.926488      -2.812500    
          13   4.934289      -2.500000    
          14   4.940545      -2.187500    
          15   4.945748      -1.875000    
          16   4.950088      -1.562500    
          17   4.953623      -1.250000    
          18   4.956369     -0.9375000    
          19   4.958331     -0.6250000    
          20   4.959507     -0.3125000    
          21   4.959900       0.000000    
   10.00000              21
           1   0.000000      -6.250000    
           2   2.006316      -5.937500    
           3   3.256608      -5.625000    
           4   4.015628      -5.312500    
           5   4.463129      -5.000000    
           6   4.718432      -4.687500    
           7   4.858762      -4.375000    
           8   4.932686      -4.062500    
           9   4.969767      -3.750000    
          10   4.987335      -3.437500    
          11   4.995117      -3.125000    
          12   4.998297      -2.812500    
          13   4.999475      -2.500000    
          14   4.999862      -2.187500    
          15   4.999970      -1.875000    
          16   4.999995      -1.562500    
          17   5.000000      -1.250000    
          18   5.000000     -0.9375000    
          19   5.000000     -0.6250000    
          20   5.000000     -0.3125000    
          21   5.000000       0.000000    
   11.00000              21
           1   0.000000      -6.250000    
           2   1.942559      -5.937500    
           3   3.158100      -5.625000    
           4   3.900942      -5.312500    
           5   4.343755      -5.000000    
           6   4.601160      -4.687500    
           7   4.747336      -4.375000    
           8   4.828940      -4.062500    
           9   4.874367      -3.750000    
          10   4.900266      -3.437500    
          11   4.915979      -3.125000    
          12   4.926488      -2.812500    
          13   4.934289      -2.500000    
          14   4.940545      -2.187500    
          15   4.945748      -1.875000    
          16   4.950088      -1.562500    
          17   4.953623      -1.250000    
          18   4.956369     -0.9375000    
          19   4.958331     -0.6250000    
          20   4.959507     -0.3125000    
          21   4.959900       0.000000    
   12.00000              21
           1   0.000000      -6.250000    
           2   1.761745      -5.937500    
           3   2.878406      -5.625000    
           4   3.574847      -5.312500    
           5   4.003743      -5.000000    
           6   4.266438      -4.687500    
           7   4.428523      -4.375000    
           8   4.531248      -4.062500    
           9   4.599721      -3.750000    
          10   4.648664      -3.437500    
          11   4.686336      -3.125000    
          12   4.717141      -2.812500    
          13   4.743288      -2.500000    
          14   4.765803      -2.187500    
          15   4.785125      -1.875000    
          16   4.801417      -1.562500    
          17   4.814733      -1.250000    
          18   4.825087     -0.9375000    
          19   4.832483     -0.6250000    
          20   4.836921     -0.3125000    
          21   4.838400       0.000000    
   13.00000              21
           1   0.000000      -6.250000    
           2   1.493137      -5.937500    
           3   2.461817      -5.625000    
           4   3.087590      -5.312500    
           5   3.493723      -5.000000    
           6   3.762042      -4.687500    
           7   3.945501      -4.375000    
           8   4.077408      -4.062500    
           9   4.178033      -3.750000    
          10   4.259262      -3.437500    
          11   4.327764      -3.125000    
          12   4.387094      -2.812500    
          13   4.439036      -2.500000    
          14   4.484419      -2.187500    
          15   4.523596      -1.875000    
          16   4.556699      -1.562500    
          17   4.583773      -1.250000    
          18   4.604829     -0.9375000    
          19   4.619868     -0.6250000    
          20   4.628892     -0.3125000    
          21   4.631900       0.000000    
   14.00000              21
           1   0.000000      -6.250000    
           2   1.178779      -5.937500    
           3   1.971930      -5.625000    
           4   2.511265      -5.312500    
           5   2.886279      -5.000000    
           6   3.156378      -4.687500    
           7   3.360010      -4.375000    
           8   3.521356      -4.062500    
           9   3.655132      -3.750000    
          10   3.769969      -3.437500    
          11   3.870708      -3.125000    
          12   3.959931      -2.812500    
          13   4.038931      -2.500000    
          14   4.108313      -2.187500    
          15   4.168331      -1.875000    
          16   4.219082      -1.562500    
          17   4.260598      -1.250000    
          18   4.292886     -0.9375000    
          19   4.315949     -0.6250000    
          20   4.329787     -0.3125000    
          21   4.334400       0.000000    
   15.00000              21
           1   0.000000      -6.250000    
           2  0.8644691      -5.937500    
           3   1.477950      -5.625000    
           4   1.924212      -5.312500    
           5   2.260130      -5.000000    
           6   2.523459      -4.687500    
           7   2.738632      -4.375000    
           8   2.921016      -4.062500    
           9   3.079965      -3.750000    
          10   3.220963      -3.437500    
          11   3.347088      -3.125000    
          12   3.459979      -2.812500    
          13   3.560459      -2.500000    
          14   3.648911      -2.187500    
          15   3.725498      -1.875000    
          16   3.790281      -1.562500    
          17   3.843281      -1.250000    
          18   3.884502     -0.9375000    
          19   3.913945     -0.6250000    
          20   3.931611     -0.3125000    
          21   3.937500       0.000000    
   16.00000              21
           1   0.000000      -6.250000    
           2  0.5892791      -5.937500    
           3   1.038761      -5.625000    
           4   1.392863      -5.312500    
           5   1.681743      -5.000000    
           6   1.925420      -4.687500    
           7   2.136850      -4.375000    
           8   2.324182      -4.062500    
           9   2.492373      -3.750000    
          10   2.644335      -3.437500    
          11   2.781696      -3.125000    
          12   2.905328      -2.812500    
          13   3.015666      -2.500000    
          14   3.112913      -2.187500    
          15   3.197156      -1.875000    
          16   3.268428      -1.562500    
          17   3.326738      -1.250000    
          18   3.372090     -0.9375000    
          19   3.404484     -0.6250000    
          20   3.423921     -0.3125000    
          21   3.430400       0.000000    
   17.00000              21
           1   0.000000      -6.250000    
           2  0.3757412      -5.937500    
           3  0.6880278      -5.625000    
           4  0.9547703      -5.312500    
           5   1.188130      -5.000000    
           6   1.396179      -4.687500    
           7   1.584141      -4.375000    
           8   1.755303      -4.062500    
           9   1.911664      -3.750000    
          10   2.054397      -3.437500    
          11   2.184160      -3.125000    
          12   2.301303      -2.812500    
          13   2.406002      -2.500000    
          14   2.498340      -2.187500    
          15   2.578350      -1.875000    
          16   2.646047      -1.562500    
          17   2.701434      -1.250000    
          18   2.744513     -0.9375000    
          19   2.775283     -0.6250000    
          20   2.793746     -0.3125000    
          21   2.799900       0.000000    
   18.00000              21
           1   0.000000      -6.250000    
           2  0.2234743      -5.937500    
           3  0.4245182      -5.625000    
           4  0.6075783      -5.312500    
           5  0.7756741      -5.000000    
           6  0.9308099      -4.687500    
           7   1.074282      -4.375000    
           8   1.206907      -4.062500    
           9   1.329181      -3.750000    
          10   1.441395      -3.437500    
          11   1.543713      -3.125000    
          12   1.636221      -2.812500    
          13   1.718964      -2.500000    
          14   1.791961      -2.187500    
          15   1.855221      -1.875000    
          16   1.908748      -1.562500    
          17   1.952543      -1.250000    
          18   1.986605     -0.9375000    
          19   2.010936     -0.6250000    
          20   2.025534     -0.3125000    
          21   2.030400       0.000000    
   19.00000              21
           1   0.000000      -6.250000    
           2  0.1096096      -5.937500    
           3  0.2127471      -5.625000    
           4  0.3097573      -5.312500    
           5  0.4008746      -5.000000    
           6  0.4862547      -4.687500    
           7  0.5659980      -4.375000    
           8  0.6401677      -4.062500    
           9  0.7088026      -3.750000    
          10  0.7719250      -3.437500    
          11  0.8295479      -3.125000    
          12  0.8816778      -2.812500    
          13  0.9283181      -2.500000    
          14  0.9694705      -2.187500    
          15   1.005136      -1.875000    
          16   1.035314      -1.562500    
          17   1.060005      -1.250000    
          18   1.079209     -0.9375000    
          19   1.092927     -0.6250000    
          20   1.101157     -0.3125000    
          21   1.103900       0.000000    
   20.00000              21
           1   0.000000      -6.250000    
           2   0.000000      -5.937500    
           3   0.000000      -5.625000    
           4   0.000000      -5.312500    
           5   0.000000      -5.000000    
           6   0.000000      -4.687500    
           7   0.000000      -4.375000    
           8   0.000000      -4.062500    
           9   0.000000      -3.750000    
          10   0.000000      -3.437500    
          11   0.000000      -3.125000    
          12   0.000000      -2.812500    
          13   0.000000      -2.500000    
          14   0.000000      -2.187500    
          15   0.000000      -1.875000    
          16   0.000000      -1.562500    
          17   0.000000      -1.250000    
          18   0.000000     -0.9375000    
          19   0.000000     -0.6250000    
          20   0.000000     -0.3125000    
          21   0.000000       0.000000    
