          non-dimensional motion amplitudes
     (non-dimensional RAOs and phases in deg.)
  
  
 speed =   10.000000000000000      knots Fn=  0.16426877760354594       heading =   180.00000000000000      deg.
  
  we    w0    period  l/L        surge                sway           heave              roll               pitch            yaw
  
 9.150 5.016  4.00  0.25     0.0028  127.7     0.0009   76.0     0.0013   -0.7     0.0007  -74.9     0.0002  -97.8     0.0000 -161.6
 7.725 4.459  4.50  0.32     0.0048  -63.2     0.0009 -118.9     0.0017 -175.9     0.0009  102.9     0.0013   89.8     0.0002  114.5
 6.658 4.013  5.00  0.39     0.0031  -69.1     0.0005 -161.1     0.0020 -174.1     0.0004   48.3     0.0044  -86.2     0.0007  -63.6
 5.834 3.648  5.50  0.47     0.0070  139.2     0.0021   51.1     0.0275    7.8     0.0025  -86.2     0.0186  -83.7     0.0004  -73.1
 5.181 3.344  6.00  0.56     0.0086  143.6     0.0025   45.0     0.0812   12.2     0.0033  -97.8     0.0195  -76.1     0.0014  129.6
 4.652 3.087  6.50  0.66     0.0023  115.0     0.0009   22.0     0.1183   21.2     0.0018 -143.3     0.0340  100.6     0.0026  133.0
 4.216 2.866  7.00  0.76     0.0192   85.8     0.0014 -106.7     0.0503   59.3     0.0036  136.9     0.2291  114.1     0.0024  135.0
 3.851 2.675  7.50  0.88     0.1281  129.7     0.0030 -118.6     0.4839 -123.3     0.0067  120.5     0.8369  138.7     0.0011  129.2
 3.541 2.508  8.00  1.00     0.3646 -166.3     0.0038 -123.5     1.2537  -43.8     0.0089  111.6     1.6570 -165.3     0.0007  -18.7
 3.276 2.361  8.50  1.13     0.4302 -127.3     0.0041 -127.2     0.9453  -10.9     0.0104  102.1     1.5751 -128.4     0.0026  -34.9
 3.046 2.229  9.00  1.26     0.4467 -110.3     0.0041 -131.5     0.8431   -8.3     0.0119   88.4     1.3927 -111.6     0.0045  -40.6
 2.845 2.112  9.50  1.41     0.4616 -102.1     0.0038 -135.2     0.8503   -7.8     0.0146   75.1     1.2739 -103.1     0.0064  -44.4
 2.668 2.006 10.00  1.56     0.4784  -97.5     0.0035 -138.9     0.8749   -6.9     0.0194   64.1     1.2014  -98.0     0.0083  -47.8
 2.511 1.911 10.50  1.72     0.4949  -94.8     0.0030 -142.1     0.8984   -6.0     0.0270   58.5     1.1530  -94.6     0.0101  -50.6
 2.371 1.824 11.00  1.89     0.5111  -93.1     0.0025 -143.7     0.9195   -5.2     0.0398   59.9     1.1200  -92.2     0.0119  -52.1
 2.245 1.745 11.50  2.06     0.5252  -92.0     0.0018 -144.2     0.9357   -4.5     0.0611   69.4     1.0940  -90.4     0.0136  -53.4
 2.131 1.672 12.00  2.25     0.5381  -91.4     0.0009 -146.3     0.9490   -4.0     0.0923   97.7     1.0736  -89.0     0.0149  -53.3
 2.028 1.605 12.50  2.44     0.5500  -91.0     0.0006  126.5     0.9607   -3.5     0.0837  143.5     1.0570  -87.8     0.0156  -54.1
 1.935 1.543 13.00  2.64     0.5604  -90.9     0.0009   99.4     0.9694   -3.0     0.0501  170.1     1.0425  -86.9     0.0166  -56.3
 1.849 1.486 13.50  2.84     0.5695  -90.9     0.0012   78.4     0.9759   -2.7     0.0291 -177.4     1.0300  -86.1     0.0176  -57.7
 1.771 1.433 14.00  3.06     0.5778  -91.1     0.0017   64.9     0.9811   -2.4     0.0161 -170.1     1.0192  -85.4     0.0183  -58.8
 1.698 1.384 14.50  3.28     0.5858  -91.3     0.0023   58.1     0.9866   -2.1     0.0075 -170.3     1.0090  -84.9     0.0188  -59.0
 1.632 1.338 15.00  3.51     0.5929  -91.7     0.0029   54.1     0.9907   -1.9     0.0012  147.3     0.9999  -84.4     0.0189  -59.4
 1.570 1.295 15.50  3.75     0.5995  -92.1     0.0036   51.5     0.9936   -1.7     0.0048   32.7     0.9918  -83.9     0.0189  -59.9
 1.512 1.254 16.00  4.00     0.6055  -92.6     0.0042   49.8     0.9956   -1.5     0.0096   28.4     0.9846  -83.6     0.0186  -60.6
  
  
 speed =   14.000000000000000      knots Fn=  0.22997628864496431       heading =   180.00000000000000      deg.
  
  we    w0    period  l/L        surge                sway           heave              roll               pitch            yaw
  
10.803 5.016  4.00  0.25     0.0020  128.2     0.0009   86.7     0.0009    0.0     0.0007  -77.0     0.0002  -98.1     0.0000 -146.4
 9.031 4.459  4.50  0.32     0.0036  -62.7     0.0008  -97.1     0.0009 -178.0     0.0009  109.4     0.0009   88.8     0.0001  137.9
 7.716 4.013  5.00  0.39     0.0020  -67.3     0.0003 -143.7     0.0015 -172.7     0.0003   69.3     0.0026  -87.9     0.0004  -53.0
 6.709 3.648  5.50  0.47     0.0060  132.4     0.0014   53.4     0.0176    3.4     0.0018  -82.5     0.0120  -86.6     0.0002  -75.8
 5.916 3.344  6.00  0.56     0.0070  135.9     0.0018   40.5     0.0517    6.9     0.0025 -102.1     0.0142  -83.8     0.0010  122.6
 5.278 3.087  6.50  0.66     0.0013 -149.2     0.0008   12.9     0.0739   13.1     0.0016 -155.1     0.0157   92.5     0.0021  125.1
 4.756 2.866  7.00  0.76     0.0072  -24.3     0.0012 -103.6     0.0441   32.9     0.0033  132.6     0.1137  102.1     0.0020  128.9
 4.321 2.675  7.50  0.88     0.0210   66.2     0.0026 -118.3     0.1498 -169.7     0.0062  115.8     0.3652  110.8     0.0009  125.3
 3.955 2.508  8.00  1.00     0.1254  116.8     0.0035 -122.6     0.8522 -137.8     0.0086  107.7     1.0517  129.4     0.0008  -24.3
 3.642 2.361  8.50  1.13     0.4085 -179.6     0.0039 -125.6     2.2180  -67.0     0.0104  100.0     2.2521 -176.7     0.0026  -34.2
 3.372 2.229  9.00  1.26     0.4580 -134.4     0.0039 -128.9     1.6138  -17.6     0.0118   90.1     2.0256 -135.1     0.0043  -37.6
 3.138 2.112  9.50  1.41     0.4577 -115.1     0.0037 -132.8     1.1954   -8.0     0.0137   78.1     1.7277 -115.8     0.0058  -41.2
 2.932 2.006 10.00  1.56     0.4556 -105.3     0.0033 -136.4     1.0700   -6.9     0.0166   67.8     1.5154 -105.4     0.0072  -44.4
 2.751 1.911 10.50  1.72     0.4604 -100.0     0.0030 -140.2     1.0336   -6.3     0.0218   59.8     1.3845  -99.4     0.0087  -47.5
 2.589 1.824 11.00  1.89     0.4670  -96.8     0.0026 -143.9     1.0198   -5.6     0.0290   55.9     1.2949  -95.4     0.0100  -50.5
 2.445 1.745 11.50  2.06     0.4759  -94.7     0.0021 -146.5     1.0158   -5.0     0.0398   57.3     1.2337  -92.6     0.0113  -52.1
 2.315 1.672 12.00  2.25     0.4848  -93.4     0.0016 -148.2     1.0145   -4.4     0.0560   64.4     1.1878  -90.5     0.0126  -53.2
 2.198 1.605 12.50  2.44     0.4933  -92.6     0.0009 -150.5     1.0136   -3.9     0.0793   81.6     1.1519  -88.9     0.0135  -53.7
 2.091 1.543 13.00  2.64     0.5019  -92.1     0.0003  121.9     1.0145   -3.4     0.0919  115.9     1.1235  -87.6     0.0138  -53.1
 1.994 1.486 13.50  2.84     0.5100  -91.9     0.0009   82.9     1.0154   -3.0     0.0672  149.5     1.0998  -86.5     0.0138  -55.4
 1.906 1.433 14.00  3.06     0.5174  -91.8     0.0014   73.2     1.0155   -2.7     0.0398  167.6     1.0800  -85.6     0.0141  -58.0
 1.824 1.384 14.50  3.28     0.5242  -91.9     0.0018   63.7     1.0150   -2.4     0.0216  176.6     1.0633  -84.9     0.0144  -60.0
 1.749 1.338 15.00  3.51     0.5310  -92.2     0.0024   57.4     1.0153   -2.2     0.0094  175.8     1.0483  -84.2     0.0143  -61.3
 1.680 1.295 15.50  3.75     0.5375  -92.5     0.0030   53.8     1.0161   -1.9     0.0026  105.7     1.0346  -83.6     0.0139  -62.3
 1.616 1.254 16.00  4.00     0.5436  -92.9     0.0037   51.4     1.0162   -1.8     0.0078   38.1     1.0225  -83.1     0.0132  -63.6
  
  
 speed =   18.000000000000000      knots Fn=  0.29568379968638270       heading =   180.00000000000000      deg.
  
  we    w0    period  l/L        surge                sway           heave              roll               pitch            yaw
  
12.456 5.016  4.00  0.25     0.0015  128.3     0.0009   88.9     0.0007   -0.6     0.0006  -80.6     0.0001  -98.2     0.0000 -141.4
10.337 4.459  4.50  0.32     0.0028  -62.7     0.0008  -89.7     0.0005 -179.7     0.0009  107.2     0.0006   87.8     0.0001  154.2
 8.775 4.013  5.00  0.39     0.0014  -65.8     0.0003 -121.6     0.0012 -174.2     0.0003   81.6     0.0017  -88.8     0.0003  -33.9
 7.583 3.648  5.50  0.47     0.0049  129.0     0.0010   67.7     0.0121    1.4     0.0016  -73.3     0.0085  -88.4     0.0001  -67.9
 6.651 3.344  6.00  0.56     0.0061  132.8     0.0013   43.1     0.0363    4.0     0.0018  -96.5     0.0107  -85.7     0.0007  122.2
 5.904 3.087  6.50  0.66     0.0014 -124.6     0.0006    5.8     0.0535    7.6     0.0012 -163.2     0.0070   92.0     0.0015  119.6
 5.296 2.866  7.00  0.76     0.0094  -57.3     0.0010 -103.1     0.0361   21.4     0.0029  127.1     0.0676   96.7     0.0016  122.4
 4.792 2.675  7.50  0.88     0.0136  -26.7     0.0023 -119.6     0.0626  175.7     0.0055  110.7     0.2070  101.9     0.0007  119.5
 4.368 2.508  8.00  1.00     0.0265   62.1     0.0032 -124.0     0.3472 -165.6     0.0080  102.4     0.5177  109.2     0.0009  -30.9
 4.008 2.361  8.50  1.13     0.1388  111.0     0.0037 -126.2     1.2287 -142.9     0.0100   95.5     1.3228  125.4     0.0025  -36.2
 3.699 2.229  9.00  1.26     0.4649  174.2     0.0037 -128.1     3.1113  -77.5     0.0117   88.3     2.9101  179.0     0.0041  -36.8
 3.431 2.112  9.50  1.41     0.4764 -136.2     0.0036 -131.2     2.2270  -22.5     0.0133   78.8     2.3873 -135.9     0.0054  -39.1
 3.197 2.006 10.00  1.56     0.4553 -117.4     0.0033 -134.5     1.5340   -8.7     0.0157   69.5     1.9745 -117.5     0.0066  -41.6
 2.991 1.911 10.50  1.72     0.4450 -107.4     0.0030 -138.3     1.2765   -6.4     0.0191   61.5     1.7097 -106.7     0.0077  -44.7
 2.808 1.824 11.00  1.89     0.4417 -101.6     0.0026 -142.0     1.1759   -5.7     0.0241   56.3     1.5348 -100.1     0.0087  -47.5
 2.645 1.745 11.50  2.06     0.4426  -98.2     0.0022 -146.1     1.1267   -5.2     0.0309   54.1     1.4154  -95.8     0.0097  -50.3
 2.499 1.672 12.00  2.25     0.4462  -96.0     0.0018 -150.0     1.0988   -4.7     0.0401   55.5     1.3312  -92.7     0.0106  -52.3
 2.367 1.605 12.50  2.44     0.4516  -94.6     0.0013 -153.4     1.0818   -4.2     0.0526   61.9     1.2696  -90.4     0.0114  -53.2
 2.248 1.543 13.00  2.64     0.4573  -93.6     0.0007 -160.5     1.0692   -3.7     0.0686   75.2     1.2218  -88.7     0.0119  -53.7
 2.139 1.486 13.50  2.84     0.4632  -93.1     0.0003  106.1     1.0601   -3.3     0.0804  100.1     1.1840  -87.2     0.0119  -53.5
 2.041 1.433 14.00  3.06     0.4696  -92.8     0.0010   67.8     1.0542   -3.0     0.0664  130.6     1.1529  -86.0     0.0113  -54.8
 1.950 1.384 14.50  3.28     0.4757  -92.7     0.0016   64.3     1.0489   -2.7     0.0400  150.4     1.1270  -85.0     0.0110  -58.4
 1.867 1.338 15.00  3.51     0.4815  -92.7     0.0021   59.2     1.0441   -2.4     0.0193  156.2     1.1055  -84.2     0.0107  -61.6
 1.790 1.295 15.50  3.75     0.4872  -92.9     0.0027   54.4     1.0396   -2.2     0.0058  127.3     1.0876  -83.5     0.0102  -64.8
 1.719 1.254 16.00  4.00     0.4930  -93.2     0.0034   51.7     1.0374   -2.0     0.0092   43.2     1.0700  -82.8     0.0093  -67.3
