       we(nd)      b(1,1)       b(2,2)        b(3,3)    	   b(4,4)        b(5,5)         b(6,6)
      0.8691    0.4278E-01    0.1847E-01    0.1051E+01    0.1247E-06    0.4144E-01    0.9447E-03
      1.0547    0.4994E-01    0.4963E-01    0.1189E+01    0.3296E-06    0.4737E-01    0.2538E-02
      1.2403    0.5634E-01    0.1144E+00    0.1296E+01    0.7467E-06    0.5219E-01    0.5855E-02
      1.4260    0.6202E-01    0.2362E+00    0.1374E+01    0.1516E-05    0.5594E-01    0.1211E-01
      1.6116    0.6698E-01    0.4473E+00    0.1425E+01    0.2833E-05    0.5869E-01    0.2305E-01
      1.7972    0.7126E-01    0.7871E+00    0.1450E+01    0.4954E-05    0.6050E-01    0.4099E-01
      1.9829    0.7486E-01    0.1294E+01    0.1452E+01    0.8177E-05    0.6143E-01    0.6864E-01
      2.1685    0.7781E-01    0.1987E+01    0.1434E+01    0.1277E-04    0.6158E-01    0.1085E+00
      2.3541    0.8013E-01    0.2844E+01    0.1399E+01    0.1882E-04    0.6101E-01    0.1616E+00
      2.5398    0.8183E-01    0.3787E+01    0.1348E+01    0.2603E-04    0.5980E-01    0.2262E+00
      2.7254    0.8295E-01    0.4700E+01    0.1284E+01    0.3361E-04    0.5805E-01    0.2965E+00
      2.9110    0.8350E-01    0.5471E+01    0.1211E+01    0.4046E-04    0.5583E-01    0.3635E+00
      3.0967    0.8351E-01    0.6026E+01    0.1130E+01    0.4559E-04    0.5325E-01    0.4183E+00
      3.2823    0.8304E-01    0.6345E+01    0.1045E+01    0.4867E-04    0.5037E-01    0.4552E+00
      3.4679    0.8211E-01    0.6456E+01    0.9580E+00    0.5006E-04    0.4729E-01    0.4735E+00
      3.6536    0.8078E-01    0.6409E+01    0.8709E+00    0.5049E-04    0.4408E-01    0.4764E+00
      3.8392    0.7909E-01    0.6256E+01    0.7856E+00    0.5066E-04    0.4081E-01    0.4685E+00
      4.0248    0.7709E-01    0.6038E+01    0.7036E+00    0.5106E-04    0.3755E-01    0.4539E+00
      4.2105    0.7484E-01    0.5785E+01    0.6261E+00    0.5199E-04    0.3435E-01    0.4356E+00
      4.3961    0.7238E-01    0.5517E+01    0.5536E+00    0.5357E-04    0.3126E-01    0.4155E+00
      4.5817    0.6977E-01    0.5246E+01    0.4868E+00    0.5581E-04    0.2830E-01    0.3950E+00
      4.7674    0.6704E-01    0.4978E+01    0.4255E+00    0.5870E-04    0.2550E-01    0.3746E+00
      4.9530    0.6423E-01    0.4717E+01    0.3698E+00    0.6215E-04    0.2288E-01    0.3548E+00
      5.1386    0.6138E-01    0.4466E+01    0.3190E+00    0.6610E-04    0.2044E-01    0.3358E+00
      5.3243    0.5851E-01    0.4225E+01    0.2720E+00    0.7045E-04    0.1818E-01    0.3176E+00
      5.5099    0.5563E-01    0.3995E+01    0.2244E+00    0.7512E-04    0.1607E-01    0.3003E+00
      5.6955    0.5248E-01    0.3775E+01    0.1594E+00    0.8002E-04    0.1391E-01    0.2839E+00
      5.8812    0.4994E-01    0.3567E+01    0.1915E+00    0.8506E-04    0.1225E-01    0.2683E+00
      6.0668    0.4761E-01    0.3368E+01    0.1704E+00    0.9016E-04    0.1102E-01    0.2535E+00
      6.2525    0.4569E-01    0.3180E+01    0.1617E+00    0.9523E-04    0.1048E-01    0.2394E+00
      6.4381    0.4121E-01    0.3001E+01    0.9973E-01    0.1002E-03    0.7012E-02    0.2262E+00
      6.6237    0.4089E-01    0.2832E+01    0.1174E+00    0.1050E-03    0.8228E-02    0.2136E+00
      6.8094    0.3830E-01    0.2672E+01    0.9571E-01    0.1096E-03    0.6836E-02    0.2017E+00
      6.9950    0.3675E-01    0.2521E+01    0.8968E-01    0.1140E-03    0.6683E-02    0.1904E+00
      7.1806    0.3448E-01    0.2378E+01    0.7465E-01    0.1180E-03    0.5623E-02    0.1798E+00
      7.3663    0.3248E-01    0.2243E+01    0.6381E-01    0.1218E-03    0.4868E-02    0.1697E+00
      7.5519    0.3032E-01    0.2115E+01    0.5311E-01    0.1251E-03    0.4019E-02    0.1603E+00
      7.7375    0.2920E-01    0.1991E+01    0.4936E-01    0.1283E-03    0.3942E-02    0.1513E+00
      7.9232    0.2748E-01    0.1790E+01    0.4240E-01    0.1331E-03    0.3404E-02    0.1428E+00
      8.1088    0.2593E-01    0.1805E+01    0.3682E-01    0.1311E-03    0.2983E-02    0.1352E+00
      8.2944    0.2448E-01    0.1711E+01    0.3207E-01    0.1326E-03    0.2621E-02    0.1281E+00
      8.4801    0.2311E-01    0.1589E+01    0.2797E-01    0.1356E-03    0.2302E-02    0.1204E+00
      8.6657    0.2177E-01    0.1515E+01    0.2434E-01    0.1359E-03    0.2009E-02    0.1144E+00
      8.8513    0.1916E-01    0.1424E+01    0.1871E-01    0.1370E-03    0.1353E-02    0.1078E+00
      9.0370    0.1982E-01    0.1365E+01    0.1936E-01    0.1364E-03    0.1667E-02    0.1032E+00
      9.2226    0.1867E-01    0.1280E+01    0.1688E-01    0.1369E-03    0.1454E-02    0.9700E-01
      9.4082    0.1765E-01    0.1209E+01    0.1482E-01    0.1368E-03    0.1283E-02    0.9162E-01
      9.5939    0.1671E-01    0.1112E+01    0.1301E-01    0.1372E-03    0.1136E-02    0.8390E-01
      9.7795    0.1583E-01    0.1093E+01    0.1156E-01    0.1349E-03    0.1007E-02    0.8309E-01
      9.9651    0.1502E-01    0.1033E+01    0.1024E-01    0.1340E-03    0.8939E-03    0.7854E-01
