       we(nd)      a(1,1)       a(2,2)        a(3,3)    	   a(4,4)        a(5,5)         a(6,6)
      1.4064    0.3195E-01    0.2268E+01    0.7790E+00    0.3164E-03    0.2962E-01    0.1567E+00
      1.7872    0.2399E-01    0.2481E+01    0.6039E+00    0.3429E-03    0.2236E-01    0.1711E+00
      2.1679    0.1806E-01    0.2581E+01    0.4937E+00    0.3585E-03    0.1753E-01    0.1826E+00
      2.5487    0.1356E-01    0.2361E+01    0.4295E+00    0.3399E-03    0.1444E-01    0.1781E+00
      2.9295    0.1015E-01    0.1817E+01    0.3987E+00    0.2861E-03    0.1264E-01    0.1478E+00
      3.3103    0.7628E-02    0.1212E+01    0.3919E+00    0.2248E-03    0.1180E-01    0.1034E+00
      3.6911    0.5845E-02    0.7627E+00    0.4013E+00    0.1760E-03    0.1166E-01    0.6596E-01
      4.0719    0.4671E-02    0.4933E+00    0.4204E+00    0.1422E-03    0.1199E-01    0.4267E-01
      4.4526    0.3990E-02    0.3488E+00    0.4440E+00    0.1194E-03    0.1261E-01    0.3008E-01
      4.8334    0.3692E-02    0.2783E+00    0.4686E+00    0.1036E-03    0.1339E-01    0.2385E-01
      5.2142    0.3681E-02    0.2501E+00    0.4914E+00    0.9216E-04    0.1422E-01    0.2120E-01
      5.5950    0.3872E-02    0.2463E+00    0.5060E+00    0.8358E-04    0.1501E-01    0.2055E-01
      5.9758    0.4206E-02    0.2568E+00    0.5467E+00    0.7697E-04    0.1598E-01    0.2107E-01
      6.3566    0.4633E-02    0.2755E+00    0.5545E+00    0.7180E-04    0.1655E-01    0.2225E-01
      6.7373    0.5085E-02    0.2987E+00    0.5678E+00    0.6778E-04    0.1719E-01    0.2381E-01
      7.1181    0.5544E-02    0.3242E+00    0.5791E+00    0.6470E-04    0.1773E-01    0.2556E-01
      7.4989    0.6034E-02    0.3501E+00    0.5887E+00    0.6237E-04    0.1819E-01    0.2739E-01
      7.8797    0.6478E-02    0.3742E+00    0.5970E+00    0.6023E-04    0.1860E-01    0.2920E-01
      8.2605    0.6917E-02    0.4112E+00    0.6039E+00    0.5777E-04    0.1894E-01    0.3119E-01
      8.6413    0.7322E-02    0.4261E+00    0.6099E+00    0.5971E-04    0.1924E-01    0.3270E-01
      9.0220    0.7729E-02    0.4490E+00    0.6151E+00    0.5978E-04    0.1950E-01    0.3435E-01
      9.4028    0.8069E-02    0.4683E+00    0.6195E+00    0.5970E-04    0.1972E-01    0.3576E-01
      9.7836    0.8391E-02    0.4880E+00    0.6233E+00    0.6042E-04    0.1991E-01    0.3719E-01
     10.1644    0.8691E-02    0.5051E+00    0.6267E+00    0.6103E-04    0.2008E-01    0.3843E-01
     10.5452    0.8962E-02    0.5203E+00    0.6297E+00    0.6156E-04    0.2023E-01    0.3949E-01
     10.9260    0.9192E-02    0.5361E+00    0.6322E+00    0.6304E-04    0.2036E-01    0.4073E-01
     11.3067    0.9427E-02    0.5510E+00    0.6345E+00    0.6478E-04    0.2048E-01    0.4168E-01
     11.6875    0.9605E-02    0.5652E+00    0.6366E+00    0.6694E-04    0.2058E-01    0.4263E-01
     12.0683    0.9966E-02    0.5793E+00    0.6385E+00    0.6934E-04    0.2068E-01    0.4360E-01
     12.4491    0.1004E-01    0.5855E+00    0.6401E+00    0.6766E-04    0.2076E-01    0.4439E-01
     12.8299    0.1018E-01    0.5947E+00    0.6416E+00    0.6995E-04    0.2083E-01    0.4499E-01
     13.2107    0.1034E-01    0.6025E+00    0.6429E+00    0.7071E-04    0.2090E-01    0.4555E-01
     13.5914    0.1047E-01    0.6129E+00    0.6442E+00    0.7305E-04    0.2096E-01    0.4639E-01
     13.9722    0.1059E-01    0.6224E+00    0.6453E+00    0.7514E-04    0.2102E-01    0.4673E-01
     14.3530    0.1070E-01    0.6260E+00    0.6463E+00    0.7497E-04    0.2107E-01    0.4718E-01
     14.7338    0.1080E-01    0.6318E+00    0.6472E+00    0.7540E-04    0.2111E-01    0.4763E-01
     15.1146    0.1091E-01    0.6382E+00    0.6481E+00    0.7719E-04    0.2116E-01    0.4819E-01
     15.4954    0.1102E-01    0.6457E+00    0.6489E+00    0.7920E-04    0.2120E-01    0.4867E-01
     15.8761    0.1109E-01    0.6486E+00    0.6496E+00    0.7886E-04    0.2123E-01    0.4882E-01
     16.2569    0.1116E-01    0.6524E+00    0.6503E+00    0.7965E-04    0.2126E-01    0.4912E-01
     16.6377    0.1123E-01    0.6587E+00    0.6509E+00    0.8156E-04    0.2130E-01    0.4964E-01
     17.0185    0.1131E-01    0.6639E+00    0.6515E+00    0.8283E-04    0.2132E-01    0.5022E-01
     17.3993    0.1137E-01    0.6648E+00    0.6521E+00    0.8233E-04    0.2135E-01    0.5016E-01
     17.7801    0.1142E-01    0.6705E+00    0.6526E+00    0.8408E-04    0.2138E-01    0.5053E-01
     18.1608    0.1149E-01    0.6722E+00    0.6530E+00    0.8435E-04    0.2140E-01    0.5065E-01
     18.5416    0.1153E-01    0.6758E+00    0.6535E+00    0.8542E-04    0.2142E-01    0.5093E-01
     18.9224    0.1158E-01    0.6773E+00    0.6539E+00    0.8519E-04    0.2144E-01    0.5105E-01
     19.3032    0.1162E-01    0.6807E+00    0.6543E+00    0.8626E-04    0.2146E-01    0.5130E-01
     19.6840    0.1170E-01    0.6829E+00    0.6547E+00    0.8656E-04    0.2148E-01    0.5143E-01
     20.0648    0.1173E-01    0.6861E+00    0.6550E+00    0.8783E-04    0.2149E-01    0.5164E-01
