          non-dimensional exciting forces
     (non-dimensional amplitudes and phases in deg.)
  
  
 speed =   16.000000000000000      knots Fn=  0.26283004416567352       heading =   180.00000000000000      deg.
  
  we    w0    period  l/L        surge                sway           heave              roll               pitch            yaw
  
******20.065  1.00  0.02     1.1632    1.8     0.3723  -66.4     0.1027  -61.4     0.0022   -1.3     0.1316 -157.2     0.0461 -175.5
60.40513.377  1.50  0.04     0.3812 -116.6     0.0347  -32.9     0.1377  159.4     0.0001   71.0     0.0493   50.4     0.1681 -170.6
36.48610.032  2.00  0.06     0.2783   -0.2     0.3017  -86.7     0.0313 -176.1     0.0013   80.3     0.0704 -110.9     0.0130  124.1
24.956 8.026  2.50  0.10     0.1004   -5.7     0.1822  -86.4     0.0382 -179.6     0.0014   95.3     0.0087 -133.8     0.0903  175.3
18.445 6.688  3.00  0.14     0.1382  139.4     0.1945   88.6     0.0421   -0.3     0.0020  -83.8     0.0038  -88.2     0.0361  -13.8
14.371 5.733  3.50  0.19     0.2000  119.9     0.1180   86.1     0.0546   -0.7     0.0016  -78.6     0.0378  -89.6     0.0500  -11.9
11.630 5.016  4.00  0.25     0.2655  -55.0     0.1114 -106.8     0.1843  179.8     0.0018  103.3     0.0580   90.9     0.0040   45.1
 9.684 4.459  4.50  0.32     0.3577  112.9     0.0709   56.0     0.0777    4.7     0.0012  -68.6     0.1334  -88.8     0.0179  -43.5
 8.246 4.013  5.00  0.39     0.0450  165.3     0.0147    7.9     0.1962    4.9     0.0002  -76.8     0.1882   91.8     0.0369  118.5
