       we(nd)      a(3,5)       a(5,3)        a(2,6)    	   a(6,2)        a(2,4)         a(4,2)       a(4,6)        a(6,4)
      0.8691    0.1498E-15    0.1498E-15   -0.2769E-15   -0.2769E-15    0.2643E-02    0.2603E-02   -0.3859E-18   -0.2724E-18
      1.0547    0.1379E-15    0.1379E-15   -0.2588E-15   -0.2588E-15    0.2613E-02    0.2571E-02   -0.5902E-18   -0.2951E-18
      1.2403    0.1361E-15    0.1361E-15   -0.2860E-15   -0.2860E-15    0.2570E-02    0.2527E-02   -0.2951E-18   -0.5221E-18
      1.4260    0.1152E-15    0.1152E-15   -0.2905E-15   -0.2905E-15    0.2513E-02    0.2467E-02   -0.3178E-18   -0.4086E-18
      1.6116    0.8980E-16    0.8980E-16   -0.3813E-15   -0.3813E-15    0.2438E-02    0.2390E-02   -0.2270E-18   -0.2270E-18
      1.7972    0.9363E-16    0.9363E-16   -0.3359E-15   -0.3359E-15    0.2346E-02    0.2295E-02   -0.4540E-18   -0.4540E-18
      1.9829    0.7398E-16    0.7398E-16   -0.3359E-15   -0.3359E-15    0.2242E-02    0.2190E-02   -0.4086E-18   -0.1362E-18
      2.1685    0.7235E-16    0.7235E-16   -0.3859E-15   -0.3859E-15    0.2137E-02    0.2084E-02   -0.3178E-18   -0.9080E-19
      2.3541    0.6583E-16    0.6583E-16   -0.4086E-15   -0.4086E-15    0.2040E-02    0.1989E-02   -0.2270E-18   -0.1816E-18
      2.5398    0.6760E-16    0.6760E-16   -0.3178E-15   -0.3178E-15    0.1951E-02    0.1903E-02   -0.4994E-18   -0.3178E-18
      2.7254    0.5320E-16    0.5320E-16   -0.3042E-15   -0.3042E-15    0.1858E-02    0.1816E-02   -0.1362E-18   -0.9080E-19
      2.9110    0.6022E-16    0.6022E-16   -0.3087E-15   -0.3087E-15    0.1755E-02    0.1719E-02   -0.1135E-18   -0.1135E-18
      3.0967    0.5483E-16    0.5483E-16   -0.2724E-15   -0.2724E-15    0.1652E-02    0.1623E-02   -0.4086E-18   -0.2270E-18
      3.2823    0.5717E-16    0.5717E-16   -0.1702E-15   -0.1702E-15    0.1579E-02    0.1557E-02   -0.4313E-18   -0.2270E-18
      3.4679    0.5749E-16    0.5749E-16   -0.1634E-15   -0.1634E-15    0.1564E-02    0.1548E-02   -0.2043E-18   -0.3178E-18
      3.6536    0.4958E-16    0.4958E-16   -0.9988E-16   -0.9988E-16    0.1615E-02    0.1603E-02   -0.1475E-18   -0.2156E-18
      3.8392    0.4951E-16    0.4951E-16   -0.1158E-15   -0.1158E-15    0.1726E-02    0.1718E-02   -0.2156E-18   -0.2724E-18
      4.0248    0.6111E-16    0.6111E-16   -0.8626E-16   -0.8626E-16    0.1882E-02    0.1876E-02   -0.2610E-18   -0.2043E-18
      4.2105    0.6242E-16    0.6242E-16   -0.5448E-16   -0.5448E-16    0.2067E-02    0.2063E-02   -0.2837E-18   -0.2951E-18
      4.3961    0.6292E-16    0.6292E-16   -0.5051E-16   -0.5051E-16    0.2269E-02    0.2267E-02   -0.3405E-18   -0.3745E-18
      4.5817    0.6242E-16    0.6242E-16   -0.6015E-16   -0.6015E-16    0.2479E-02    0.2478E-02   -0.3859E-18   -0.2951E-18
      4.7674    0.6817E-16    0.6817E-16   -0.3405E-16   -0.3405E-16    0.2690E-02    0.2689E-02   -0.2724E-18   -0.3064E-18
      4.9530    0.7299E-16    0.7299E-16   -0.3689E-16   -0.3689E-16    0.2898E-02    0.2898E-02   -0.3405E-18   -0.5334E-18
      5.1386    0.7356E-16    0.7356E-16   -0.3745E-16   -0.3745E-16    0.3101E-02    0.3101E-02   -0.4767E-18   -0.4313E-18
      5.3243    0.6498E-16    0.6498E-16   -0.3291E-16   -0.3291E-16    0.3296E-02    0.3296E-02   -0.5221E-18   -0.5788E-18
      5.5099    0.7327E-16    0.7327E-16   -0.3462E-16   -0.3462E-16    0.3483E-02    0.3482E-02   -0.6015E-18   -0.5448E-18
      5.6955    0.6444E-16    0.6444E-16   -0.3575E-16   -0.3575E-16    0.3659E-02    0.3659E-02   -0.5334E-18   -0.5561E-18
      5.8812    0.7625E-16    0.7625E-16   -0.3462E-16   -0.3462E-16    0.3826E-02    0.3825E-02   -0.4540E-18   -0.5448E-18
      6.0668    0.7767E-16    0.7767E-16   -0.3802E-16   -0.3802E-16    0.3982E-02    0.3981E-02   -0.4086E-18   -0.4767E-18
      6.2525    0.7902E-16    0.7902E-16   -0.2894E-16   -0.2894E-16    0.4128E-02    0.4126E-02   -0.7831E-18   -0.5334E-18
      6.4381    0.6976E-16    0.6976E-16   -0.3972E-16   -0.3972E-16    0.4264E-02    0.4261E-02   -0.6696E-18   -0.5788E-18
      6.6237    0.7916E-16    0.7916E-16   -0.4426E-16   -0.4426E-16    0.4389E-02    0.4386E-02   -0.6810E-18   -0.6129E-18
      6.8094    0.8108E-16    0.8108E-16   -0.4767E-16   -0.4767E-16    0.4503E-02    0.4500E-02   -0.6129E-18   -0.6356E-18
      6.9950    0.7845E-16    0.7845E-16   -0.4143E-16   -0.4143E-16    0.4609E-02    0.4604E-02   -0.7718E-18   -0.5448E-18
      7.1806    0.8065E-16    0.8065E-16   -0.4653E-16   -0.4653E-16    0.4704E-02    0.4699E-02   -0.5902E-18   -0.6356E-18
      7.3663    0.8058E-16    0.8058E-16   -0.3632E-16   -0.3632E-16    0.4791E-02    0.4785E-02   -0.4313E-18   -0.5221E-18
      7.5519    0.8881E-16    0.8881E-16   -0.4880E-16   -0.4880E-16    0.4870E-02    0.4863E-02   -0.7264E-18   -0.5221E-18
      7.7375    0.7831E-16    0.7831E-16   -0.5902E-16   -0.5902E-16    0.4942E-02    0.4934E-02   -0.6810E-18   -0.6129E-18
      7.9232    0.8718E-16    0.8718E-16   -0.4426E-16   -0.4426E-16    0.5034E-02    0.5066E-02   -0.7264E-18   -0.7264E-18
      8.1088    0.9009E-16    0.9009E-16   -0.4767E-16   -0.4767E-16    0.5030E-02    0.5028E-02   -0.7264E-18   -0.8626E-18
      8.2944    0.8165E-16    0.8165E-16   -0.5221E-16   -0.5221E-16    0.5080E-02    0.5076E-02   -0.8853E-18   -0.4313E-18
      8.4801    0.9002E-16    0.9002E-16   -0.5902E-16   -0.5902E-16    0.5137E-02    0.5129E-02   -0.5675E-18   -0.9988E-18
      8.6657    0.8597E-16    0.8597E-16   -0.6696E-16   -0.6696E-16    0.5170E-02    0.5161E-02   -0.7037E-18   -0.5221E-18
      8.8513    0.8675E-16    0.8675E-16   -0.6696E-16   -0.6696E-16    0.5203E-02    0.5193E-02   -0.7945E-18   -0.7264E-18
      9.0370    0.9335E-16    0.9335E-16   -0.6356E-16   -0.6356E-16    0.5223E-02    0.5215E-02   -0.6356E-18   -0.7037E-18
      9.2226    0.8299E-16    0.8299E-16   -0.6923E-16   -0.6923E-16    0.5249E-02    0.5238E-02   -0.8172E-18   -0.8626E-18
      9.4082    0.9803E-16    0.9803E-16   -0.6015E-16   -0.6015E-16    0.5268E-02    0.5257E-02   -0.7491E-18   -0.8853E-18
      9.5939    0.9406E-16    0.9406E-16   -0.8172E-16   -0.8172E-16    0.5292E-02    0.5285E-02   -0.7945E-18   -0.7718E-18
      9.7795    0.8668E-16    0.8668E-16   -0.7604E-16   -0.7604E-16    0.5288E-02    0.5276E-02   -0.7264E-18   -0.9080E-18
      9.9651    0.8817E-16    0.8817E-16   -0.8626E-16   -0.8626E-16    0.5298E-02    0.5285E-02   -0.7491E-18   -0.7264E-18
