       we(nd)      b(3,5)       b(5,3)        b(2,6)    	   b(6,2)        b(2,4)         b(4,2)       b(4,6)        b(6,4)
      1.4064    0.2179E-15    0.2179E-15   -0.2492E-16   -0.2492E-16   -0.2170E-02   -0.2175E-02    0.2865E-18    0.3313E-18
      1.7872    0.1957E-15    0.1957E-15   -0.1006E-15   -0.1006E-15   -0.7656E-02   -0.7674E-02    0.1142E-17    0.1178E-17
      2.1679    0.1973E-15    0.1973E-15   -0.2301E-15   -0.2301E-15   -0.2012E-01   -0.2016E-01    0.3054E-17    0.3171E-17
      2.5487    0.1749E-15    0.1749E-15   -0.5654E-15   -0.5654E-15   -0.3916E-01   -0.3925E-01    0.6089E-17    0.5437E-17
      2.9295    0.1615E-15    0.1615E-15   -0.8698E-15   -0.8698E-15   -0.5711E-01   -0.5724E-01    0.7466E-17    0.7792E-17
      3.3103    0.1269E-15    0.1269E-15   -0.8553E-15   -0.8553E-15   -0.6721E-01   -0.6735E-01    0.1022E-16    0.9061E-17
      3.6911    0.1318E-15    0.1318E-15   -0.5799E-15   -0.5799E-15   -0.6983E-01   -0.6998E-01    0.8553E-17    0.1029E-16
      4.0719    0.1271E-15    0.1271E-15   -0.8553E-15   -0.8553E-15   -0.6837E-01   -0.6851E-01    0.1073E-16    0.9423E-17
      4.4526    0.6682E-16    0.6682E-16   -0.8553E-15   -0.8553E-15   -0.6526E-01   -0.6538E-01    0.9931E-17    0.9278E-17
      4.8334    0.4530E-16    0.4530E-16   -0.7394E-15   -0.7394E-15   -0.6162E-01   -0.6173E-01    0.8988E-17    0.1000E-16
      5.2142    0.3874E-16    0.3874E-16   -0.6234E-15   -0.6234E-15   -0.5789E-01   -0.5799E-01    0.7394E-17    0.8916E-17
      5.5950    0.1767E-16    0.1767E-16   -0.5944E-15   -0.5944E-15   -0.5420E-01   -0.5429E-01    0.8191E-17    0.8553E-17
      5.9758    0.2747E-16    0.2747E-16   -0.5509E-15   -0.5509E-15   -0.5061E-01   -0.5069E-01    0.7611E-17    0.5726E-17
      6.3566    0.2175E-16    0.2175E-16   -0.5219E-15   -0.5219E-15   -0.4712E-01   -0.4720E-01    0.6234E-17    0.7684E-17
      6.7373    0.1382E-16    0.1382E-16   -0.4494E-15   -0.4494E-15   -0.4376E-01   -0.4384E-01    0.6016E-17    0.6669E-17
      7.1181    0.1223E-16    0.1223E-16   -0.2537E-15   -0.2537E-15   -0.4053E-01   -0.4062E-01    0.5799E-17    0.6379E-17
      7.4989    0.9655E-17    0.9655E-17   -0.3081E-15   -0.3081E-15   -0.3743E-01   -0.3755E-01    0.5726E-17    0.4929E-17
      7.8797    0.7022E-17    0.7022E-17   -0.2899E-15   -0.2899E-15   -0.3420E-01   -0.3459E-01    0.5074E-17    0.5074E-17
      8.2605    0.4729E-17    0.4729E-17   -0.2392E-15   -0.2392E-15   -0.2612E-01   -0.2944E-01    0.3407E-17    0.4784E-17
      8.6413    0.3001E-17    0.3001E-17   -0.2428E-15   -0.2428E-15   -0.2962E-01   -0.2948E-01    0.4639E-17    0.3516E-17
      9.0220    0.2676E-17    0.2676E-17   -0.1921E-15   -0.1921E-15   -0.2754E-01   -0.2720E-01    0.3661E-17    0.4567E-17
      9.4028    0.3037E-17    0.3037E-17   -0.1885E-15   -0.1885E-15   -0.2489E-01   -0.2492E-01    0.3044E-17    0.3624E-17
      9.7836    0.1727E-17    0.1727E-17   -0.1921E-15   -0.1921E-15   -0.2305E-01   -0.2296E-01    0.2610E-17    0.3226E-17
     10.1644    0.1299E-17    0.1299E-17   -0.1359E-15   -0.1359E-15   -0.2107E-01   -0.2110E-01    0.3624E-17    0.3298E-17
     10.5452    0.8778E-18    0.8778E-18   -0.1341E-15   -0.1341E-15   -0.1906E-01   -0.1933E-01    0.2030E-17    0.2465E-17
     10.9260    0.6442E-18    0.6442E-18   -0.9242E-16   -0.9242E-16   -0.1784E-01   -0.1786E-01    0.2755E-17    0.2972E-17
     11.3067    0.7787E-18    0.7787E-18   -0.1087E-15   -0.1087E-15   -0.1658E-01   -0.1646E-01    0.2610E-17    0.2247E-17
     11.6875    0.3508E-18    0.3508E-18   -0.7430E-16   -0.7430E-16   -0.1566E-01   -0.1532E-01    0.2320E-17    0.2465E-17
     12.0683    0.4672E-18    0.4672E-18   -0.7611E-16   -0.7611E-16   -0.1425E-01   -0.1382E-01    0.2156E-17    0.1667E-17
     12.4491    0.3203E-18    0.3203E-18   -0.7067E-16   -0.7067E-16   -0.1118E-01   -0.1179E-01    0.1631E-17    0.1613E-17
     12.8299    0.2159E-18    0.2159E-18   -0.8880E-16   -0.8880E-16   -0.1231E-01   -0.1215E-01    0.1776E-17    0.1540E-17
     13.2107    0.2955E-18    0.2955E-18   -0.6886E-16   -0.6886E-16   -0.1112E-01   -0.1115E-01    0.1885E-17    0.1522E-17
     13.5914    0.2407E-18    0.2407E-18   -0.5437E-16   -0.5437E-16   -0.1045E-01   -0.1027E-01    0.1558E-17    0.1812E-17
     13.9722    0.8672E-19    0.8672E-19   -0.6614E-16   -0.6614E-16   -0.9634E-02   -0.9296E-02    0.1522E-17    0.1377E-17
     14.3530    0.1407E-18    0.1407E-18   -0.4848E-16   -0.4848E-16   -0.9245E-02   -0.9109E-02    0.1214E-17    0.1377E-17
     14.7338    0.1195E-18    0.1195E-18   -0.3035E-16   -0.3035E-16   -0.7050E-02   -0.7381E-02    0.8698E-18    0.7974E-18
     15.1146   -0.2168E-19   -0.2168E-19   -0.3081E-16   -0.3081E-16   -0.8027E-02   -0.7892E-02    0.1214E-17    0.8698E-18
     15.4954    0.1261E-18    0.1261E-18   -0.3806E-16   -0.3806E-16   -0.6872E-02   -0.6784E-02    0.1205E-17    0.1096E-17
     15.8761    0.5132E-19    0.5132E-19   -0.3488E-16   -0.3488E-16   -0.5962E-02   -0.6169E-02    0.8336E-18    0.8880E-18
     16.2569    0.6548E-19    0.6548E-19   -0.3194E-16   -0.3194E-16   -0.6194E-02   -0.6276E-02    0.1060E-17    0.8970E-18
     16.6377   -0.5752E-20   -0.5752E-20   -0.2721E-16   -0.2721E-16   -0.5743E-02   -0.5730E-02    0.9508E-18    0.7521E-18
     17.0185    0.6935E-19    0.6935E-19   -0.2854E-16   -0.2854E-16   -0.4830E-02   -0.4737E-02    0.8155E-18    0.5980E-18
     17.3993    0.2389E-19    0.2389E-19   -0.2718E-16   -0.2718E-16   -0.4983E-02   -0.5056E-02    0.7249E-18    0.7792E-18
     17.7801    0.8185E-20    0.8185E-20   -0.2311E-16   -0.2311E-16   -0.4054E-02   -0.4058E-02    0.4893E-18    0.6614E-18
     18.1608    0.5270E-19    0.5270E-19   -0.2673E-16   -0.2673E-16   -0.4865E-02   -0.4735E-02    0.6343E-18    0.5799E-18
     18.5416    0.2356E-19    0.2356E-19   -0.2899E-16   -0.2899E-16   -0.5006E-02   -0.4730E-02    0.6886E-18    0.7067E-18
     18.9224   -0.9581E-20   -0.9581E-20   -0.2175E-16   -0.2175E-16   -0.3785E-02   -0.3870E-02    0.5346E-18    0.5255E-18
     19.3032    0.8461E-20    0.8461E-20   -0.1767E-16   -0.1767E-16   -0.3993E-02   -0.3962E-02    0.6252E-18    0.4893E-18
     19.6840   -0.4314E-20   -0.4314E-20   -0.1359E-16   -0.1359E-16   -0.3412E-02   -0.3474E-02    0.4802E-18    0.4893E-18
     20.0648    0.3716E-19    0.3716E-19   -0.2129E-16   -0.2129E-16   -0.3472E-02   -0.3429E-02    0.4168E-18    0.5346E-18
