  
           station no=           1  x =  -50.000000000000000        0.0000000000000000     
     j       y          z        ds         ny          nz         nx
     1    -0.000    -0.156     0.312    1.000000    0.000000    0.198751
     2    -0.000    -0.469     0.312    1.000000    0.000000    0.197835
     3    -0.000    -0.781     0.312    1.000000    0.000000    0.196000
     4    -0.000    -1.094     0.312    1.000000    0.000000    0.193245
     5    -0.000    -1.406     0.312    1.000000    0.000000    0.189564
     6    -0.000    -1.719     0.312    1.000000    0.000000    0.184952
     7    -0.000    -2.031     0.312    1.000000    0.000000    0.179401
     8    -0.000    -2.344     0.312    1.000000    0.000000    0.172902
     9    -0.000    -2.656     0.312    1.000000    0.000000    0.165447
    10    -0.000    -2.969     0.312    1.000000    0.000000    0.157024
    11    -0.000    -3.281     0.312    1.000000    0.000000    0.147620
    12    -0.000    -3.594     0.312    1.000000    0.000000    0.137218
    13    -0.000    -3.906     0.312    1.000000    0.000000    0.125797
    14    -0.000    -4.219     0.312    1.000000    0.000000    0.113325
    15    -0.000    -4.531     0.312    1.000000    0.000000    0.099755
    16    -0.000    -4.844     0.312    1.000000    0.000000    0.085015
    17    -0.000    -5.156     0.312    1.000000    0.000000    0.068998
    18    -0.000    -5.469     0.312    1.000000    0.000000    0.051536
    19    -0.000    -5.781     0.312    1.000000    0.000000    0.032383
    20    -0.000    -6.094     0.312    1.000000    0.000000    0.000000
    21     0.000    -6.094     0.312   -1.000000    0.000000    0.000000
    22     0.000    -5.781     0.312   -1.000000    0.000000    0.032383
    23     0.000    -5.469     0.312   -1.000000    0.000000    0.051536
    24     0.000    -5.156     0.312   -1.000000    0.000000    0.068998
    25     0.000    -4.844     0.312   -1.000000    0.000000    0.085015
    26     0.000    -4.531     0.312   -1.000000    0.000000    0.099755
    27     0.000    -4.219     0.312   -1.000000    0.000000    0.113325
    28     0.000    -3.906     0.312   -1.000000    0.000000    0.125797
    29     0.000    -3.594     0.312   -1.000000    0.000000    0.137218
    30     0.000    -3.281     0.312   -1.000000    0.000000    0.147620
    31     0.000    -2.969     0.312   -1.000000    0.000000    0.157024
    32     0.000    -2.656     0.312   -1.000000    0.000000    0.165447
    33     0.000    -2.344     0.312   -1.000000    0.000000    0.172902
    34     0.000    -2.031     0.312   -1.000000    0.000000    0.179401
    35     0.000    -1.719     0.312   -1.000000    0.000000    0.184952
    36     0.000    -1.406     0.312   -1.000000    0.000000    0.189564
    37     0.000    -1.094     0.312   -1.000000    0.000000    0.193245
    38     0.000    -0.781     0.312   -1.000000    0.000000    0.196000
    39     0.000    -0.469     0.312   -1.000000    0.000000    0.197835
    40     0.000    -0.156     0.312   -1.000000    0.000000    0.198751
  
           station no=           2  x =  -45.000000000000000        5.0000000000000000     
     j       y          z        ds         ny          nz         nx
     1    -1.103    -0.156     0.313    0.999961    0.008777   -0.198751
     2    -1.097    -0.469     0.313    0.999653    0.026327   -0.197835
     3    -1.086    -0.781     0.313    0.999038    0.043855   -0.196000
     4    -1.070    -1.094     0.313    0.998117    0.061337   -0.193245
     5    -1.048    -1.406     0.313    0.996893    0.078766   -0.189564
     6    -1.020    -1.719     0.314    0.995370    0.096122   -0.184952
     7    -0.987    -2.031     0.315    0.993550    0.113393   -0.179401
     8    -0.949    -2.344     0.315    0.991440    0.130560   -0.172902
     9    -0.905    -2.656     0.316    0.989045    0.147614   -0.165447
    10    -0.856    -2.969     0.317    0.986370    0.164542   -0.157024
    11    -0.801    -3.281     0.318    0.983421    0.181336   -0.147620
    12    -0.740    -3.594     0.319    0.980203    0.197993   -0.137218
    13    -0.674    -3.906     0.320    0.976720    0.214519   -0.125797
    14    -0.603    -4.219     0.321    0.972971    0.230928   -0.113325
    15    -0.526    -4.531     0.323    0.968950    0.247255   -0.099755
    16    -0.444    -4.844     0.324    0.964644    0.263556   -0.085015
    17    -0.355    -5.156     0.326    0.960024    0.279919   -0.068998
    18    -0.261    -5.469     0.327    0.955040    0.296476   -0.051536
    19    -0.161    -5.781     0.329    0.949617    0.313412   -0.032383
    20    -0.055    -6.094     0.331    0.943637    0.330981    0.000000
    21     0.055    -6.094     0.331   -0.943637    0.330981    0.000000
    22     0.161    -5.781     0.329   -0.949617    0.313412   -0.032383
    23     0.261    -5.469     0.327   -0.955040    0.296476   -0.051536
    24     0.355    -5.156     0.326   -0.960024    0.279919   -0.068998
    25     0.444    -4.844     0.324   -0.964644    0.263556   -0.085015
    26     0.526    -4.531     0.323   -0.968950    0.247255   -0.099755
    27     0.603    -4.219     0.321   -0.972971    0.230928   -0.113325
    28     0.674    -3.906     0.320   -0.976720    0.214519   -0.125797
    29     0.740    -3.594     0.319   -0.980203    0.197993   -0.137218
    30     0.801    -3.281     0.318   -0.983421    0.181336   -0.147620
    31     0.856    -2.969     0.317   -0.986370    0.164542   -0.157024
    32     0.905    -2.656     0.316   -0.989045    0.147614   -0.165447
    33     0.949    -2.344     0.315   -0.991440    0.130560   -0.172902
    34     0.987    -2.031     0.315   -0.993550    0.113393   -0.179401
    35     1.020    -1.719     0.314   -0.995370    0.096122   -0.184952
    36     1.048    -1.406     0.313   -0.996893    0.078766   -0.189564
    37     1.070    -1.094     0.313   -0.998117    0.061337   -0.193245
    38     1.086    -0.781     0.313   -0.999038    0.043855   -0.196000
    39     1.097    -0.469     0.313   -0.999653    0.026327   -0.197835
    40     1.103    -0.156     0.313   -0.999961    0.008777   -0.198751
  
           station no=           3  x =  -40.000000000000000        10.000000000000000     
     j       y          z        ds         ny          nz         nx
     1    -2.028    -0.156     0.313    0.999879    0.015569   -0.167049
     2    -2.018    -0.469     0.313    0.998911    0.046663   -0.166395
     3    -1.999    -0.781     0.313    0.996983    0.077624   -0.165086
     4    -1.970    -1.094     0.314    0.994112    0.108357   -0.163122
     5    -1.931    -1.406     0.316    0.990322    0.138788   -0.160500
     6    -1.882    -1.719     0.317    0.985646    0.168828   -0.157218
     7    -1.824    -2.031     0.319    0.980120    0.198408   -0.153271
     8    -1.755    -2.344     0.321    0.973786    0.227467   -0.148657
     9    -1.678    -2.656     0.323    0.966688    0.255957   -0.143369
    10    -1.590    -2.969     0.326    0.958869    0.283850   -0.137396
    11    -1.493    -3.281     0.329    0.950356    0.311163   -0.130723
    12    -1.385    -3.594     0.332    0.941162    0.337957   -0.123318
    13    -1.268    -3.906     0.336    0.931251    0.364377   -0.115129
    14    -1.141    -4.219     0.339    0.920530    0.390673   -0.106062
    15    -1.003    -4.531     0.344    0.908797    0.417238   -0.095958
    16    -0.853    -4.844     0.349    0.895701    0.444657   -0.084555
    17    -0.692    -5.156     0.355    0.880675    0.473721   -0.071430
    18    -0.516    -5.469     0.362    0.862854    0.505453   -0.055927
    19    -0.324    -5.781     0.372    0.840994    0.541045   -0.037045
    20    -0.112    -6.094     0.384    0.813413    0.581686    0.000000
    21     0.112    -6.094     0.384   -0.813413    0.581686    0.000000
    22     0.324    -5.781     0.372   -0.840994    0.541045   -0.037045
    23     0.516    -5.469     0.362   -0.862854    0.505453   -0.055927
    24     0.692    -5.156     0.355   -0.880675    0.473721   -0.071430
    25     0.853    -4.844     0.349   -0.895701    0.444657   -0.084555
    26     1.003    -4.531     0.344   -0.908797    0.417238   -0.095958
    27     1.141    -4.219     0.339   -0.920530    0.390673   -0.106062
    28     1.268    -3.906     0.336   -0.931251    0.364377   -0.115129
    29     1.385    -3.594     0.332   -0.941162    0.337957   -0.123318
    30     1.493    -3.281     0.329   -0.950356    0.311163   -0.130723
    31     1.590    -2.969     0.326   -0.958869    0.283850   -0.137396
    32     1.678    -2.656     0.323   -0.966688    0.255957   -0.143369
    33     1.755    -2.344     0.321   -0.973786    0.227467   -0.148657
    34     1.824    -2.031     0.319   -0.980120    0.198408   -0.153271
    35     1.882    -1.719     0.317   -0.985646    0.168828   -0.157218
    36     1.931    -1.406     0.316   -0.990322    0.138788   -0.160500
    37     1.970    -1.094     0.314   -0.994112    0.108357   -0.163122
    38     1.999    -0.781     0.313   -0.996983    0.077624   -0.165086
    39     2.018    -0.469     0.313   -0.998911    0.046663   -0.166395
    40     2.028    -0.156     0.313   -0.999879    0.015569   -0.167049
  
           station no=           4  x =  -35.000000000000000        15.000000000000000     
     j       y          z        ds         ny          nz         nx
     1    -2.797    -0.156     0.313    0.999806    0.019689   -0.138570
     2    -2.785    -0.469     0.313    0.998259    0.058979   -0.138256
     3    -2.760    -0.781     0.314    0.995187    0.097990   -0.137629
     4    -2.723    -1.094     0.315    0.990632    0.136561   -0.136689
     5    -2.674    -1.406     0.317    0.984654    0.174518   -0.135434
     6    -2.612    -1.719     0.320    0.977330    0.211719   -0.133865
     7    -2.538    -2.031     0.323    0.968752    0.248032   -0.131980
     8    -2.452    -2.344     0.326    0.959011    0.283370   -0.129776
     9    -2.354    -2.656     0.330    0.948198    0.317681   -0.127248
    10    -2.243    -2.969     0.334    0.936373    0.351007   -0.124381
    11    -2.119    -3.281     0.338    0.923544    0.383494   -0.121147
    12    -1.983    -3.594     0.344    0.909611    0.415461   -0.117487
    13    -1.833    -3.906     0.349    0.894300    0.447468   -0.113289
    14    -1.670    -4.219     0.356    0.877060    0.480382   -0.108350
    15    -1.490    -4.531     0.365    0.856933    0.515427   -0.102319
    16    -1.292    -4.844     0.375    0.832400    0.554176   -0.094608
    17    -1.071    -5.156     0.390    0.801248    0.598333   -0.084267
    18    -0.821    -5.469     0.411    0.760596    0.649226   -0.069806
    19    -0.532    -5.781     0.442    0.707348    0.706865   -0.048944
    20    -0.188    -6.094     0.489    0.639438    0.768842    0.000000
    21     0.188    -6.094     0.489   -0.639438    0.768842    0.000000
    22     0.532    -5.781     0.442   -0.707348    0.706865   -0.048944
    23     0.821    -5.469     0.411   -0.760596    0.649226   -0.069806
    24     1.071    -5.156     0.390   -0.801248    0.598333   -0.084267
    25     1.292    -4.844     0.375   -0.832400    0.554176   -0.094608
    26     1.490    -4.531     0.365   -0.856933    0.515427   -0.102319
    27     1.670    -4.219     0.356   -0.877060    0.480382   -0.108350
    28     1.833    -3.906     0.349   -0.894300    0.447468   -0.113289
    29     1.983    -3.594     0.344   -0.909611    0.415461   -0.117487
    30     2.119    -3.281     0.338   -0.923544    0.383494   -0.121147
    31     2.243    -2.969     0.334   -0.936373    0.351007   -0.124381
    32     2.354    -2.656     0.330   -0.948198    0.317681   -0.127248
    33     2.452    -2.344     0.326   -0.959011    0.283370   -0.129776
    34     2.538    -2.031     0.323   -0.968752    0.248032   -0.131980
    35     2.612    -1.719     0.320   -0.977330    0.211719   -0.133865
    36     2.674    -1.406     0.317   -0.984654    0.174518   -0.135434
    37     2.723    -1.094     0.315   -0.990632    0.136561   -0.136689
    38     2.760    -0.781     0.314   -0.995187    0.097990   -0.137629
    39     2.785    -0.469     0.313   -0.998259    0.058979   -0.138256
    40     2.797    -0.156     0.313   -0.999806    0.019689   -0.138570
  
           station no=           5  x =  -30.000000000000000        20.000000000000000     
     j       y          z        ds         ny          nz         nx
     1    -3.427    -0.156     0.313    0.999785    0.020728   -0.113044
     2    -3.414    -0.469     0.313    0.998071    0.062078   -0.113096
     3    -3.388    -0.781     0.314    0.994670    0.103108   -0.113200
     4    -3.349    -1.094     0.316    0.989633    0.143622   -0.113356
     5    -3.298    -1.406     0.318    0.983033    0.183426   -0.113565
     6    -3.233    -1.719     0.321    0.974965    0.222361   -0.113825
     7    -3.155    -2.031     0.324    0.965532    0.260286   -0.114135
     8    -3.064    -2.344     0.327    0.954835    0.297136   -0.114494
     9    -2.960    -2.656     0.331    0.942949    0.332938   -0.114891
    10    -2.844    -2.969     0.336    0.929874    0.367879   -0.115306
    11    -2.713    -3.281     0.341    0.915465    0.402397   -0.115693
    12    -2.568    -3.594     0.347    0.899309    0.437314   -0.115956
    13    -2.408    -3.906     0.355    0.880563    0.473929   -0.115914
    14    -2.231    -4.219     0.364    0.857696    0.514157   -0.115237
    15    -2.031    -4.531     0.377    0.828243    0.560369   -0.113353
    16    -1.804    -4.844     0.396    0.788592    0.614917   -0.109305
    17    -1.537    -5.156     0.426    0.734313    0.678811   -0.101544
    18    -1.216    -5.469     0.472    0.661690    0.749778   -0.087630
    19    -0.814    -5.781     0.547    0.570839    0.821062   -0.063802
    20    -0.295    -6.094     0.667    0.468507    0.883460    0.000000
    21     0.295    -6.094     0.667   -0.468507    0.883460    0.000000
    22     0.814    -5.781     0.547   -0.570839    0.821062   -0.063802
    23     1.216    -5.469     0.472   -0.661690    0.749778   -0.087630
    24     1.537    -5.156     0.426   -0.734313    0.678811   -0.101544
    25     1.804    -4.844     0.396   -0.788592    0.614917   -0.109305
    26     2.031    -4.531     0.377   -0.828243    0.560369   -0.113353
    27     2.231    -4.219     0.364   -0.857696    0.514157   -0.115237
    28     2.408    -3.906     0.355   -0.880563    0.473929   -0.115914
    29     2.568    -3.594     0.347   -0.899309    0.437314   -0.115956
    30     2.713    -3.281     0.341   -0.915465    0.402397   -0.115693
    31     2.844    -2.969     0.336   -0.929874    0.367879   -0.115306
    32     2.960    -2.656     0.331   -0.942949    0.332938   -0.114891
    33     3.064    -2.344     0.327   -0.954835    0.297136   -0.114494
    34     3.155    -2.031     0.324   -0.965532    0.260286   -0.114135
    35     3.233    -1.719     0.321   -0.974965    0.222361   -0.113825
    36     3.298    -1.406     0.318   -0.983033    0.183426   -0.113565
    37     3.349    -1.094     0.316   -0.989633    0.143622   -0.113356
    38     3.388    -0.781     0.314   -0.994670    0.103108   -0.113200
    39     3.414    -0.469     0.313   -0.998071    0.062078   -0.113096
    40     3.427    -0.156     0.313   -0.999785    0.020728   -0.113044
  
           station no=           6  x =  -25.000000000000000        25.000000000000000     
     j       y          z        ds         ny          nz         nx
     1    -3.935    -0.156     0.313    0.999822    0.018841   -0.090125
     2    -3.923    -0.469     0.313    0.998406    0.056441   -0.090494
     3    -3.899    -0.781     0.314    0.995591    0.093802   -0.091231
     4    -3.864    -1.094     0.315    0.991412    0.130774   -0.092337
     5    -3.817    -1.406     0.317    0.985921    0.167212   -0.093810
     6    -3.758    -1.719     0.319    0.979181    0.202990   -0.095651
     7    -3.687    -2.031     0.322    0.971257    0.238034   -0.097857
     8    -3.605    -2.344     0.325    0.962199    0.272347   -0.100423
     9    -3.510    -2.656     0.328    0.951999    0.306102   -0.103337
    10    -3.404    -2.969     0.332    0.940512    0.339761   -0.106570
    11    -3.284    -3.281     0.337    0.927321    0.374267   -0.110060
    12    -3.150    -3.594     0.343    0.911514    0.411269   -0.113678
    13    -3.000    -3.906     0.351    0.891327    0.453362   -0.117184
    14    -2.830    -4.219     0.362    0.863668    0.504061   -0.120140
    15    -2.631    -4.531     0.379    0.823637    0.567118   -0.121792
    16    -2.392    -4.844     0.409    0.764705    0.644381   -0.120882
    17    -2.092    -5.156     0.459    0.681125    0.732167   -0.115371
    18    -1.701    -5.469     0.545    0.573606    0.819131   -0.102043
    19    -1.171    -5.781     0.688    0.453893    0.891056   -0.075914
    20    -0.432    -6.094     0.919    0.339963    0.940439    0.000000
    21     0.432    -6.094     0.919   -0.339963    0.940439    0.000000
    22     1.171    -5.781     0.688   -0.453893    0.891056   -0.075914
    23     1.701    -5.469     0.545   -0.573606    0.819131   -0.102043
    24     2.092    -5.156     0.459   -0.681125    0.732167   -0.115371
    25     2.392    -4.844     0.409   -0.764705    0.644381   -0.120882
    26     2.631    -4.531     0.379   -0.823637    0.567118   -0.121792
    27     2.830    -4.219     0.362   -0.863668    0.504061   -0.120140
    28     3.000    -3.906     0.351   -0.891327    0.453362   -0.117184
    29     3.150    -3.594     0.343   -0.911514    0.411269   -0.113678
    30     3.284    -3.281     0.337   -0.927321    0.374267   -0.110060
    31     3.404    -2.969     0.332   -0.940512    0.339761   -0.106570
    32     3.510    -2.656     0.328   -0.951999    0.306102   -0.103337
    33     3.605    -2.344     0.325   -0.962199    0.272347   -0.100423
    34     3.687    -2.031     0.322   -0.971257    0.238034   -0.097857
    35     3.758    -1.719     0.319   -0.979181    0.202990   -0.095651
    36     3.817    -1.406     0.317   -0.985921    0.167212   -0.093810
    37     3.864    -1.094     0.315   -0.991412    0.130774   -0.092337
    38     3.899    -0.781     0.314   -0.995591    0.093802   -0.091231
    39     3.923    -0.469     0.313   -0.998406    0.056441   -0.090494
    40     3.935    -0.156     0.313   -0.999822    0.018841   -0.090125
  
           station no=           7  x =  -20.000000000000000        30.000000000000000     
     j       y          z        ds         ny          nz         nx
     1    -4.332    -0.156     0.313    0.999891    0.014760   -0.069416
     2    -4.323    -0.469     0.313    0.999021    0.044238   -0.069988
     3    -4.304    -0.781     0.313    0.997288    0.073601   -0.071132
     4    -4.277    -1.094     0.314    0.994705    0.102774   -0.072847
     5    -4.240    -1.406     0.315    0.991290    0.131694   -0.075133
     6    -4.194    -1.719     0.317    0.987068    0.160303   -0.077988
     7    -4.138    -2.031     0.318    0.982052    0.188611   -0.081409
     8    -4.074    -2.344     0.320    0.976228    0.216745   -0.085391
     9    -3.999    -2.656     0.322    0.969500    0.245090   -0.089919
    10    -3.915    -2.969     0.325    0.961575    0.274543   -0.094959
    11    -3.820    -3.281     0.328    0.951769    0.306817   -0.100438
    12    -3.713    -3.594     0.333    0.938630    0.344926   -0.106214
    13    -3.588    -3.906     0.340    0.919307    0.393540   -0.112014
    14    -3.441    -4.219     0.352    0.888556    0.458768   -0.117347
    15    -3.258    -4.531     0.373    0.837822    0.545944   -0.121369
    16    -3.021    -4.844     0.413    0.756568    0.653915   -0.122675
    17    -2.699    -5.156     0.488    0.640170    0.768233   -0.118997
    18    -2.242    -5.469     0.623    0.501341    0.865250   -0.106749
    19    -1.575    -5.781     0.852    0.366572    0.930390   -0.080366
    20    -0.589    -6.094     1.219    0.256253    0.966610    0.000000
    21     0.589    -6.094     1.219   -0.256253    0.966610    0.000000
    22     1.575    -5.781     0.852   -0.366572    0.930390   -0.080366
    23     2.242    -5.469     0.623   -0.501341    0.865250   -0.106749
    24     2.699    -5.156     0.488   -0.640170    0.768233   -0.118997
    25     3.021    -4.844     0.413   -0.756568    0.653915   -0.122675
    26     3.258    -4.531     0.373   -0.837822    0.545944   -0.121369
    27     3.441    -4.219     0.352   -0.888556    0.458768   -0.117347
    28     3.588    -3.906     0.340   -0.919307    0.393540   -0.112014
    29     3.713    -3.594     0.333   -0.938630    0.344926   -0.106214
    30     3.820    -3.281     0.328   -0.951769    0.306817   -0.100438
    31     3.915    -2.969     0.325   -0.961575    0.274543   -0.094959
    32     3.999    -2.656     0.322   -0.969500    0.245090   -0.089919
    33     4.074    -2.344     0.320   -0.976228    0.216745   -0.085391
    34     4.138    -2.031     0.318   -0.982052    0.188611   -0.081409
    35     4.194    -1.719     0.317   -0.987068    0.160303   -0.077988
    36     4.240    -1.406     0.315   -0.991290    0.131694   -0.075133
    37     4.277    -1.094     0.314   -0.994705    0.102774   -0.072847
    38     4.304    -0.781     0.313   -0.997288    0.073601   -0.071132
    39     4.323    -0.469     0.313   -0.999021    0.044238   -0.069988
    40     4.332    -0.156     0.313   -0.999891    0.014760   -0.069416
  
           station no=           8  x =  -15.000000000000000        35.000000000000000     
     j       y          z        ds         ny          nz         nx
     1    -4.630    -0.156     0.313    0.999954    0.009625   -0.050492
     2    -4.624    -0.469     0.313    0.999583    0.028865   -0.051116
     3    -4.612    -0.781     0.313    0.998844    0.048069   -0.052365
     4    -4.594    -1.094     0.313    0.997738    0.067227   -0.054237
     5    -4.570    -1.406     0.314    0.996268    0.086313   -0.056732
     6    -4.540    -1.719     0.314    0.994436    0.105340   -0.059849
     7    -4.504    -2.031     0.315    0.992233    0.124393   -0.063585
     8    -4.462    -2.344     0.316    0.989619    0.143718   -0.067935
     9    -4.413    -2.656     0.317    0.986466    0.163965   -0.072884
    10    -4.357    -2.969     0.318    0.982450    0.186524   -0.078400
    11    -4.294    -3.281     0.320    0.976807    0.214122   -0.084414
    12    -4.219    -3.594     0.323    0.967838    0.251573   -0.090788
    13    -4.128    -3.906     0.328    0.951870    0.306502   -0.097261
    14    -4.011    -4.219     0.339    0.921289    0.388878   -0.103364
    15    -3.854    -4.531     0.362    0.862374    0.506273   -0.108288
    16    -3.628    -4.844     0.412    0.758702    0.651438   -0.110692
    17    -3.291    -5.156     0.512    0.609821    0.792539   -0.108410
    18    -2.775    -5.469     0.699    0.446771    0.894648   -0.098028
    19    -1.977    -5.781     1.018    0.307023    0.951702   -0.074266
    20    -0.747    -6.094     1.525    0.204852    0.978793    0.000000
    21     0.747    -6.094     1.525   -0.204852    0.978793    0.000000
    22     1.977    -5.781     1.018   -0.307023    0.951702   -0.074266
    23     2.775    -5.469     0.699   -0.446771    0.894648   -0.098028
    24     3.291    -5.156     0.512   -0.609821    0.792539   -0.108410
    25     3.628    -4.844     0.412   -0.758702    0.651438   -0.110692
    26     3.854    -4.531     0.362   -0.862374    0.506273   -0.108288
    27     4.011    -4.219     0.339   -0.921289    0.388878   -0.103364
    28     4.128    -3.906     0.328   -0.951870    0.306502   -0.097261
    29     4.219    -3.594     0.323   -0.967838    0.251573   -0.090788
    30     4.294    -3.281     0.320   -0.976807    0.214122   -0.084414
    31     4.357    -2.969     0.318   -0.982450    0.186524   -0.078400
    32     4.413    -2.656     0.317   -0.986466    0.163965   -0.072884
    33     4.462    -2.344     0.316   -0.989619    0.143718   -0.067935
    34     4.504    -2.031     0.315   -0.992233    0.124393   -0.063585
    35     4.540    -1.719     0.314   -0.994436    0.105340   -0.059849
    36     4.570    -1.406     0.314   -0.996268    0.086313   -0.056732
    37     4.594    -1.094     0.313   -0.997738    0.067227   -0.054237
    38     4.612    -0.781     0.313   -0.998844    0.048069   -0.052365
    39     4.624    -0.469     0.313   -0.999583    0.028865   -0.051116
    40     4.630    -0.156     0.313   -0.999954    0.009625   -0.050492
  
           station no=           9  x =  -10.000000000000000        40.000000000000000     
     j       y          z        ds         ny          nz         nx
     1    -4.838    -0.156     0.313    0.999989    0.004733   -0.032913
     2    -4.835    -0.469     0.313    0.999899    0.014200   -0.033435
     3    -4.829    -0.781     0.313    0.999720    0.023661   -0.034480
     4    -4.820    -1.094     0.313    0.999452    0.033115   -0.036046
     5    -4.808    -1.406     0.313    0.999093    0.042573   -0.038134
     6    -4.793    -1.719     0.313    0.998644    0.052064   -0.040743
     7    -4.775    -2.031     0.313    0.998094    0.061713   -0.043872
     8    -4.755    -2.344     0.313    0.997415    0.071862   -0.047515
     9    -4.730    -2.656     0.314    0.996518    0.083379   -0.051663
    10    -4.702    -2.969     0.314    0.995177    0.098101   -0.056291
    11    -4.668    -3.281     0.315    0.992812    0.119684   -0.061345
    12    -4.624    -3.594     0.316    0.987957    0.154731   -0.066718
    13    -4.565    -3.906     0.320    0.976826    0.214036   -0.072204
    14    -4.480    -4.219     0.329    0.949990    0.312281   -0.077435
    15    -4.347    -4.531     0.352    0.887699    0.460425   -0.081773
    16    -4.135    -4.844     0.408    0.765470    0.643472   -0.084158
    17    -3.789    -5.156     0.531    0.588881    0.808220   -0.082883
    18    -3.227    -5.469     0.763    0.409386    0.912361   -0.075268
    19    -2.320    -5.781     1.160    0.269498    0.963001   -0.057191
    20    -0.881    -6.094     1.789    0.174655    0.984630    0.000000
    21     0.881    -6.094     1.789   -0.174655    0.984630    0.000000
    22     2.320    -5.781     1.160   -0.269498    0.963001   -0.057191
    23     3.227    -5.469     0.763   -0.409386    0.912361   -0.075268
    24     3.789    -5.156     0.531   -0.588881    0.808220   -0.082883
    25     4.135    -4.844     0.408   -0.765470    0.643472   -0.084158
    26     4.347    -4.531     0.352   -0.887699    0.460425   -0.081773
    27     4.480    -4.219     0.329   -0.949990    0.312281   -0.077435
    28     4.565    -3.906     0.320   -0.976826    0.214036   -0.072204
    29     4.624    -3.594     0.316   -0.987957    0.154731   -0.066718
    30     4.668    -3.281     0.315   -0.992812    0.119684   -0.061345
    31     4.702    -2.969     0.314   -0.995177    0.098101   -0.056291
    32     4.730    -2.656     0.314   -0.996518    0.083379   -0.051663
    33     4.755    -2.344     0.313   -0.997415    0.071862   -0.047515
    34     4.775    -2.031     0.313   -0.998094    0.061713   -0.043872
    35     4.793    -1.719     0.313   -0.998644    0.052064   -0.040743
    36     4.808    -1.406     0.313   -0.999093    0.042573   -0.038134
    37     4.820    -1.094     0.313   -0.999452    0.033115   -0.036046
    38     4.829    -0.781     0.313   -0.999720    0.023661   -0.034480
    39     4.835    -0.469     0.313   -0.999899    0.014200   -0.033435
    40     4.838    -0.156     0.313   -0.999989    0.004733   -0.032913
  
           station no=          10  x =  -5.0000000000000000        45.000000000000000     
     j       y          z        ds         ny          nz         nx
     1    -4.960    -0.156     0.313    0.999999    0.001258   -0.016232
     2    -4.959    -0.469     0.313    0.999993    0.003763   -0.016528
     3    -4.957    -0.781     0.313    0.999980    0.006278   -0.017119
     4    -4.955    -1.094     0.313    0.999961    0.008787   -0.018006
     5    -4.952    -1.406     0.313    0.999936    0.011311   -0.019189
     6    -4.948    -1.719     0.313    0.999904    0.013887   -0.020667
     7    -4.943    -2.031     0.313    0.999861    0.016647   -0.022440
     8    -4.937    -2.344     0.313    0.999800    0.020015   -0.024505
     9    -4.930    -2.656     0.313    0.999689    0.024955   -0.026857
    10    -4.921    -2.969     0.313    0.999435    0.033610   -0.029484
    11    -4.908    -3.281     0.313    0.998738    0.050218   -0.032356
    12    -4.887    -3.594     0.314    0.996583    0.082594   -0.035414
    13    -4.852    -3.906     0.316    0.989599    0.143854   -0.038546
    14    -4.788    -4.219     0.323    0.967555    0.252660   -0.041548
    15    -4.674    -4.531     0.345    0.905802    0.423701   -0.044069
    16    -4.472    -4.844     0.405    0.771867    0.635784   -0.045522
    17    -4.122    -5.156     0.542    0.576592    0.817032   -0.044963
    18    -3.530    -5.469     0.806    0.387767    0.921758   -0.040915
    19    -2.550    -5.781     1.255    0.248990    0.968506   -0.031124
    20    -0.971    -6.094     1.968    0.158828    0.987306    0.000000
    21     0.971    -6.094     1.968   -0.158828    0.987306    0.000000
    22     2.550    -5.781     1.255   -0.248990    0.968506   -0.031124
    23     3.530    -5.469     0.806   -0.387767    0.921758   -0.040915
    24     4.122    -5.156     0.542   -0.576592    0.817032   -0.044963
    25     4.472    -4.844     0.405   -0.771867    0.635784   -0.045522
    26     4.674    -4.531     0.345   -0.905802    0.423701   -0.044069
    27     4.788    -4.219     0.323   -0.967555    0.252660   -0.041548
    28     4.852    -3.906     0.316   -0.989599    0.143854   -0.038546
    29     4.887    -3.594     0.314   -0.996583    0.082594   -0.035414
    30     4.908    -3.281     0.313   -0.998738    0.050218   -0.032356
    31     4.921    -2.969     0.313   -0.999435    0.033610   -0.029484
    32     4.930    -2.656     0.313   -0.999689    0.024955   -0.026857
    33     4.937    -2.344     0.313   -0.999800    0.020015   -0.024505
    34     4.943    -2.031     0.313   -0.999861    0.016647   -0.022440
    35     4.948    -1.719     0.313   -0.999904    0.013887   -0.020667
    36     4.952    -1.406     0.313   -0.999936    0.011311   -0.019189
    37     4.955    -1.094     0.313   -0.999961    0.008787   -0.018006
    38     4.957    -0.781     0.313   -0.999980    0.006278   -0.017119
    39     4.959    -0.469     0.313   -0.999993    0.003763   -0.016528
    40     4.960    -0.156     0.313   -0.999999    0.001258   -0.016232
  
           station no=          11  x =   0.0000000000000000        50.000000000000000     
     j       y          z        ds         ny          nz         nx
     1    -5.000    -0.156     0.312    1.000000    0.000000   -0.000000
     2    -5.000    -0.469     0.312    1.000000    0.000000    0.000000
     3    -5.000    -0.781     0.312    1.000000    0.000000    0.000000
     4    -5.000    -1.094     0.312    1.000000    0.000000    0.000000
     5    -5.000    -1.406     0.313    1.000000    0.000016    0.000000
     6    -5.000    -1.719     0.313    1.000000    0.000080    0.000000
     7    -5.000    -2.031     0.313    1.000000    0.000346    0.000000
     8    -5.000    -2.344     0.313    0.999999    0.001238   -0.000000
     9    -4.999    -2.656     0.313    0.999993    0.003770    0.000000
    10    -4.997    -2.969     0.313    0.999948    0.010175    0.000000
    11    -4.991    -3.281     0.313    0.999690    0.024895    0.000000
    12    -4.979    -3.594     0.313    0.998424    0.056129    0.000000
    13    -4.951    -3.906     0.315    0.993033    0.117833    0.000000
    14    -4.896    -4.219     0.321    0.973143    0.230203    0.000000
    15    -4.789    -4.531     0.343    0.912243    0.409648    0.000000
    16    -4.591    -4.844     0.404    0.774417    0.632675    0.000000
    17    -4.239    -5.156     0.546    0.572539    0.819878    0.000000
    18    -3.636    -5.469     0.821    0.380711    0.924694    0.000000
    19    -2.631    -5.781     1.289    0.242482    0.970156    0.000000
    20    -1.003    -6.094     2.031    0.153902    0.988086    0.000000
    21     1.003    -6.094     2.031   -0.153902    0.988086    0.000000
    22     2.631    -5.781     1.289   -0.242482    0.970156    0.000000
    23     3.636    -5.469     0.821   -0.380711    0.924694    0.000000
    24     4.239    -5.156     0.546   -0.572539    0.819878    0.000000
    25     4.591    -4.844     0.404   -0.774417    0.632675    0.000000
    26     4.789    -4.531     0.343   -0.912243    0.409648    0.000000
    27     4.896    -4.219     0.321   -0.973143    0.230203    0.000000
    28     4.951    -3.906     0.315   -0.993033    0.117833    0.000000
    29     4.979    -3.594     0.313   -0.998424    0.056129    0.000000
    30     4.991    -3.281     0.313   -0.999690    0.024895    0.000000
    31     4.997    -2.969     0.313   -0.999948    0.010175    0.000000
    32     4.999    -2.656     0.313   -0.999993    0.003770    0.000000
    33     5.000    -2.344     0.313   -0.999999    0.001238   -0.000000
    34     5.000    -2.031     0.313   -1.000000    0.000346    0.000000
    35     5.000    -1.719     0.313   -1.000000    0.000080    0.000000
    36     5.000    -1.406     0.313   -1.000000    0.000016    0.000000
    37     5.000    -1.094     0.312   -1.000000    0.000000    0.000000
    38     5.000    -0.781     0.312   -1.000000    0.000000    0.000000
    39     5.000    -0.469     0.312   -1.000000    0.000000    0.000000
    40     5.000    -0.156     0.312   -1.000000    0.000000   -0.000000
  
           station no=          12  x =   5.0000000000000000        55.000000000000000     
     j       y          z        ds         ny          nz         nx
     1    -4.960    -0.156     0.313    0.999999    0.001258    0.016232
     2    -4.959    -0.469     0.313    0.999993    0.003763    0.016528
     3    -4.957    -0.781     0.313    0.999980    0.006278    0.017119
     4    -4.955    -1.094     0.313    0.999961    0.008787    0.018006
     5    -4.952    -1.406     0.313    0.999936    0.011311    0.019189
     6    -4.948    -1.719     0.313    0.999904    0.013887    0.020667
     7    -4.943    -2.031     0.313    0.999861    0.016647    0.022440
     8    -4.937    -2.344     0.313    0.999800    0.020015    0.024505
     9    -4.930    -2.656     0.313    0.999689    0.024955    0.026857
    10    -4.921    -2.969     0.313    0.999435    0.033610    0.029484
    11    -4.908    -3.281     0.313    0.998738    0.050218    0.032356
    12    -4.887    -3.594     0.314    0.996583    0.082594    0.035414
    13    -4.852    -3.906     0.316    0.989599    0.143854    0.038546
    14    -4.788    -4.219     0.323    0.967555    0.252660    0.041548
    15    -4.674    -4.531     0.345    0.905802    0.423701    0.044069
    16    -4.472    -4.844     0.405    0.771867    0.635784    0.045522
    17    -4.122    -5.156     0.542    0.576592    0.817032    0.044963
    18    -3.530    -5.469     0.806    0.387767    0.921758    0.040915
    19    -2.550    -5.781     1.255    0.248990    0.968506    0.031124
    20    -0.971    -6.094     1.968    0.158828    0.987306    0.000000
    21     0.971    -6.094     1.968   -0.158828    0.987306    0.000000
    22     2.550    -5.781     1.255   -0.248990    0.968506    0.031124
    23     3.530    -5.469     0.806   -0.387767    0.921758    0.040915
    24     4.122    -5.156     0.542   -0.576592    0.817032    0.044963
    25     4.472    -4.844     0.405   -0.771867    0.635784    0.045522
    26     4.674    -4.531     0.345   -0.905802    0.423701    0.044069
    27     4.788    -4.219     0.323   -0.967555    0.252660    0.041548
    28     4.852    -3.906     0.316   -0.989599    0.143854    0.038546
    29     4.887    -3.594     0.314   -0.996583    0.082594    0.035414
    30     4.908    -3.281     0.313   -0.998738    0.050218    0.032356
    31     4.921    -2.969     0.313   -0.999435    0.033610    0.029484
    32     4.930    -2.656     0.313   -0.999689    0.024955    0.026857
    33     4.937    -2.344     0.313   -0.999800    0.020015    0.024505
    34     4.943    -2.031     0.313   -0.999861    0.016647    0.022440
    35     4.948    -1.719     0.313   -0.999904    0.013887    0.020667
    36     4.952    -1.406     0.313   -0.999936    0.011311    0.019189
    37     4.955    -1.094     0.313   -0.999961    0.008787    0.018006
    38     4.957    -0.781     0.313   -0.999980    0.006278    0.017119
    39     4.959    -0.469     0.313   -0.999993    0.003763    0.016528
    40     4.960    -0.156     0.313   -0.999999    0.001258    0.016232
  
           station no=          13  x =   10.000000000000000        60.000000000000000     
     j       y          z        ds         ny          nz         nx
     1    -4.838    -0.156     0.313    0.999989    0.004733    0.032913
     2    -4.835    -0.469     0.313    0.999899    0.014200    0.033435
     3    -4.829    -0.781     0.313    0.999720    0.023661    0.034480
     4    -4.820    -1.094     0.313    0.999452    0.033115    0.036046
     5    -4.808    -1.406     0.313    0.999093    0.042573    0.038134
     6    -4.793    -1.719     0.313    0.998644    0.052064    0.040743
     7    -4.775    -2.031     0.313    0.998094    0.061713    0.043872
     8    -4.755    -2.344     0.313    0.997415    0.071862    0.047515
     9    -4.730    -2.656     0.314    0.996518    0.083379    0.051663
    10    -4.702    -2.969     0.314    0.995177    0.098101    0.056291
    11    -4.668    -3.281     0.315    0.992812    0.119684    0.061345
    12    -4.624    -3.594     0.316    0.987957    0.154731    0.066718
    13    -4.565    -3.906     0.320    0.976826    0.214036    0.072204
    14    -4.480    -4.219     0.329    0.949990    0.312281    0.077435
    15    -4.347    -4.531     0.352    0.887699    0.460425    0.081773
    16    -4.135    -4.844     0.408    0.765470    0.643472    0.084158
    17    -3.789    -5.156     0.531    0.588881    0.808220    0.082883
    18    -3.227    -5.469     0.763    0.409386    0.912361    0.075268
    19    -2.320    -5.781     1.160    0.269498    0.963001    0.057191
    20    -0.881    -6.094     1.789    0.174655    0.984630    0.000000
    21     0.881    -6.094     1.789   -0.174655    0.984630    0.000000
    22     2.320    -5.781     1.160   -0.269498    0.963001    0.057191
    23     3.227    -5.469     0.763   -0.409386    0.912361    0.075268
    24     3.789    -5.156     0.531   -0.588881    0.808220    0.082883
    25     4.135    -4.844     0.408   -0.765470    0.643472    0.084158
    26     4.347    -4.531     0.352   -0.887699    0.460425    0.081773
    27     4.480    -4.219     0.329   -0.949990    0.312281    0.077435
    28     4.565    -3.906     0.320   -0.976826    0.214036    0.072204
    29     4.624    -3.594     0.316   -0.987957    0.154731    0.066718
    30     4.668    -3.281     0.315   -0.992812    0.119684    0.061345
    31     4.702    -2.969     0.314   -0.995177    0.098101    0.056291
    32     4.730    -2.656     0.314   -0.996518    0.083379    0.051663
    33     4.755    -2.344     0.313   -0.997415    0.071862    0.047515
    34     4.775    -2.031     0.313   -0.998094    0.061713    0.043872
    35     4.793    -1.719     0.313   -0.998644    0.052064    0.040743
    36     4.808    -1.406     0.313   -0.999093    0.042573    0.038134
    37     4.820    -1.094     0.313   -0.999452    0.033115    0.036046
    38     4.829    -0.781     0.313   -0.999720    0.023661    0.034480
    39     4.835    -0.469     0.313   -0.999899    0.014200    0.033435
    40     4.838    -0.156     0.313   -0.999989    0.004733    0.032913
  
           station no=          14  x =   15.000000000000000        65.000000000000000     
     j       y          z        ds         ny          nz         nx
     1    -4.630    -0.156     0.313    0.999954    0.009625    0.050492
     2    -4.624    -0.469     0.313    0.999583    0.028865    0.051116
     3    -4.612    -0.781     0.313    0.998844    0.048069    0.052365
     4    -4.594    -1.094     0.313    0.997738    0.067227    0.054237
     5    -4.570    -1.406     0.314    0.996268    0.086313    0.056732
     6    -4.540    -1.719     0.314    0.994436    0.105340    0.059849
     7    -4.504    -2.031     0.315    0.992233    0.124393    0.063585
     8    -4.462    -2.344     0.316    0.989619    0.143718    0.067935
     9    -4.413    -2.656     0.317    0.986466    0.163965    0.072884
    10    -4.357    -2.969     0.318    0.982450    0.186524    0.078400
    11    -4.294    -3.281     0.320    0.976807    0.214122    0.084414
    12    -4.219    -3.594     0.323    0.967838    0.251573    0.090788
    13    -4.128    -3.906     0.328    0.951870    0.306502    0.097261
    14    -4.011    -4.219     0.339    0.921289    0.388878    0.103364
    15    -3.854    -4.531     0.362    0.862374    0.506273    0.108288
    16    -3.628    -4.844     0.412    0.758702    0.651438    0.110692
    17    -3.291    -5.156     0.512    0.609821    0.792539    0.108410
    18    -2.775    -5.469     0.699    0.446771    0.894648    0.098028
    19    -1.977    -5.781     1.018    0.307023    0.951702    0.074266
    20    -0.747    -6.094     1.525    0.204852    0.978793    0.000000
    21     0.747    -6.094     1.525   -0.204852    0.978793    0.000000
    22     1.977    -5.781     1.018   -0.307023    0.951702    0.074266
    23     2.775    -5.469     0.699   -0.446771    0.894648    0.098028
    24     3.291    -5.156     0.512   -0.609821    0.792539    0.108410
    25     3.628    -4.844     0.412   -0.758702    0.651438    0.110692
    26     3.854    -4.531     0.362   -0.862374    0.506273    0.108288
    27     4.011    -4.219     0.339   -0.921289    0.388878    0.103364
    28     4.128    -3.906     0.328   -0.951870    0.306502    0.097261
    29     4.219    -3.594     0.323   -0.967838    0.251573    0.090788
    30     4.294    -3.281     0.320   -0.976807    0.214122    0.084414
    31     4.357    -2.969     0.318   -0.982450    0.186524    0.078400
    32     4.413    -2.656     0.317   -0.986466    0.163965    0.072884
    33     4.462    -2.344     0.316   -0.989619    0.143718    0.067935
    34     4.504    -2.031     0.315   -0.992233    0.124393    0.063585
    35     4.540    -1.719     0.314   -0.994436    0.105340    0.059849
    36     4.570    -1.406     0.314   -0.996268    0.086313    0.056732
    37     4.594    -1.094     0.313   -0.997738    0.067227    0.054237
    38     4.612    -0.781     0.313   -0.998844    0.048069    0.052365
    39     4.624    -0.469     0.313   -0.999583    0.028865    0.051116
    40     4.630    -0.156     0.313   -0.999954    0.009625    0.050492
  
           station no=          15  x =   20.000000000000000        70.000000000000000     
     j       y          z        ds         ny          nz         nx
     1    -4.332    -0.156     0.313    0.999891    0.014760    0.069416
     2    -4.323    -0.469     0.313    0.999021    0.044238    0.069988
     3    -4.304    -0.781     0.313    0.997288    0.073601    0.071132
     4    -4.277    -1.094     0.314    0.994705    0.102774    0.072847
     5    -4.240    -1.406     0.315    0.991290    0.131694    0.075133
     6    -4.194    -1.719     0.317    0.987068    0.160303    0.077988
     7    -4.138    -2.031     0.318    0.982052    0.188611    0.081409
     8    -4.074    -2.344     0.320    0.976228    0.216745    0.085391
     9    -3.999    -2.656     0.322    0.969500    0.245090    0.089919
    10    -3.915    -2.969     0.325    0.961575    0.274543    0.094959
    11    -3.820    -3.281     0.328    0.951769    0.306817    0.100438
    12    -3.713    -3.594     0.333    0.938630    0.344926    0.106214
    13    -3.588    -3.906     0.340    0.919307    0.393540    0.112014
    14    -3.441    -4.219     0.352    0.888556    0.458768    0.117347
    15    -3.258    -4.531     0.373    0.837822    0.545944    0.121369
    16    -3.021    -4.844     0.413    0.756568    0.653915    0.122675
    17    -2.699    -5.156     0.488    0.640170    0.768233    0.118997
    18    -2.242    -5.469     0.623    0.501341    0.865250    0.106749
    19    -1.575    -5.781     0.852    0.366572    0.930390    0.080366
    20    -0.589    -6.094     1.219    0.256253    0.966610    0.000000
    21     0.589    -6.094     1.219   -0.256253    0.966610    0.000000
    22     1.575    -5.781     0.852   -0.366572    0.930390    0.080366
    23     2.242    -5.469     0.623   -0.501341    0.865250    0.106749
    24     2.699    -5.156     0.488   -0.640170    0.768233    0.118997
    25     3.021    -4.844     0.413   -0.756568    0.653915    0.122675
    26     3.258    -4.531     0.373   -0.837822    0.545944    0.121369
    27     3.441    -4.219     0.352   -0.888556    0.458768    0.117347
    28     3.588    -3.906     0.340   -0.919307    0.393540    0.112014
    29     3.713    -3.594     0.333   -0.938630    0.344926    0.106214
    30     3.820    -3.281     0.328   -0.951769    0.306817    0.100438
    31     3.915    -2.969     0.325   -0.961575    0.274543    0.094959
    32     3.999    -2.656     0.322   -0.969500    0.245090    0.089919
    33     4.074    -2.344     0.320   -0.976228    0.216745    0.085391
    34     4.138    -2.031     0.318   -0.982052    0.188611    0.081409
    35     4.194    -1.719     0.317   -0.987068    0.160303    0.077988
    36     4.240    -1.406     0.315   -0.991290    0.131694    0.075133
    37     4.277    -1.094     0.314   -0.994705    0.102774    0.072847
    38     4.304    -0.781     0.313   -0.997288    0.073601    0.071132
    39     4.323    -0.469     0.313   -0.999021    0.044238    0.069988
    40     4.332    -0.156     0.313   -0.999891    0.014760    0.069416
  
           station no=          16  x =   25.000000000000000        75.000000000000000     
     j       y          z        ds         ny          nz         nx
     1    -3.935    -0.156     0.313    0.999822    0.018841    0.090125
     2    -3.923    -0.469     0.313    0.998406    0.056441    0.090494
     3    -3.899    -0.781     0.314    0.995591    0.093802    0.091231
     4    -3.864    -1.094     0.315    0.991412    0.130774    0.092337
     5    -3.817    -1.406     0.317    0.985921    0.167212    0.093810
     6    -3.758    -1.719     0.319    0.979181    0.202990    0.095651
     7    -3.687    -2.031     0.322    0.971257    0.238034    0.097857
     8    -3.605    -2.344     0.325    0.962199    0.272347    0.100423
     9    -3.510    -2.656     0.328    0.951999    0.306102    0.103337
    10    -3.404    -2.969     0.332    0.940512    0.339761    0.106570
    11    -3.284    -3.281     0.337    0.927321    0.374267    0.110060
    12    -3.150    -3.594     0.343    0.911514    0.411269    0.113678
    13    -3.000    -3.906     0.351    0.891327    0.453362    0.117184
    14    -2.830    -4.219     0.362    0.863668    0.504061    0.120140
    15    -2.631    -4.531     0.379    0.823637    0.567118    0.121792
    16    -2.392    -4.844     0.409    0.764705    0.644381    0.120882
    17    -2.092    -5.156     0.459    0.681125    0.732167    0.115371
    18    -1.701    -5.469     0.545    0.573606    0.819131    0.102043
    19    -1.171    -5.781     0.688    0.453893    0.891056    0.075914
    20    -0.432    -6.094     0.919    0.339963    0.940439    0.000000
    21     0.432    -6.094     0.919   -0.339963    0.940439    0.000000
    22     1.171    -5.781     0.688   -0.453893    0.891056    0.075914
    23     1.701    -5.469     0.545   -0.573606    0.819131    0.102043
    24     2.092    -5.156     0.459   -0.681125    0.732167    0.115371
    25     2.392    -4.844     0.409   -0.764705    0.644381    0.120882
    26     2.631    -4.531     0.379   -0.823637    0.567118    0.121792
    27     2.830    -4.219     0.362   -0.863668    0.504061    0.120140
    28     3.000    -3.906     0.351   -0.891327    0.453362    0.117184
    29     3.150    -3.594     0.343   -0.911514    0.411269    0.113678
    30     3.284    -3.281     0.337   -0.927321    0.374267    0.110060
    31     3.404    -2.969     0.332   -0.940512    0.339761    0.106570
    32     3.510    -2.656     0.328   -0.951999    0.306102    0.103337
    33     3.605    -2.344     0.325   -0.962199    0.272347    0.100423
    34     3.687    -2.031     0.322   -0.971257    0.238034    0.097857
    35     3.758    -1.719     0.319   -0.979181    0.202990    0.095651
    36     3.817    -1.406     0.317   -0.985921    0.167212    0.093810
    37     3.864    -1.094     0.315   -0.991412    0.130774    0.092337
    38     3.899    -0.781     0.314   -0.995591    0.093802    0.091231
    39     3.923    -0.469     0.313   -0.998406    0.056441    0.090494
    40     3.935    -0.156     0.313   -0.999822    0.018841    0.090125
  
           station no=          17  x =   30.000000000000000        80.000000000000000     
     j       y          z        ds         ny          nz         nx
     1    -3.427    -0.156     0.313    0.999785    0.020728    0.113044
     2    -3.414    -0.469     0.313    0.998071    0.062078    0.113096
     3    -3.388    -0.781     0.314    0.994670    0.103108    0.113200
     4    -3.349    -1.094     0.316    0.989633    0.143622    0.113356
     5    -3.298    -1.406     0.318    0.983033    0.183426    0.113565
     6    -3.233    -1.719     0.321    0.974965    0.222361    0.113825
     7    -3.155    -2.031     0.324    0.965532    0.260286    0.114135
     8    -3.064    -2.344     0.327    0.954835    0.297136    0.114494
     9    -2.960    -2.656     0.331    0.942949    0.332938    0.114891
    10    -2.844    -2.969     0.336    0.929874    0.367879    0.115306
    11    -2.713    -3.281     0.341    0.915465    0.402397    0.115693
    12    -2.568    -3.594     0.347    0.899309    0.437314    0.115956
    13    -2.408    -3.906     0.355    0.880563    0.473929    0.115914
    14    -2.231    -4.219     0.364    0.857696    0.514157    0.115237
    15    -2.031    -4.531     0.377    0.828243    0.560369    0.113353
    16    -1.804    -4.844     0.396    0.788592    0.614917    0.109305
    17    -1.537    -5.156     0.426    0.734313    0.678811    0.101544
    18    -1.216    -5.469     0.472    0.661690    0.749778    0.087630
    19    -0.814    -5.781     0.547    0.570839    0.821062    0.063802
    20    -0.295    -6.094     0.667    0.468507    0.883460    0.000000
    21     0.295    -6.094     0.667   -0.468507    0.883460    0.000000
    22     0.814    -5.781     0.547   -0.570839    0.821062    0.063802
    23     1.216    -5.469     0.472   -0.661690    0.749778    0.087630
    24     1.537    -5.156     0.426   -0.734313    0.678811    0.101544
    25     1.804    -4.844     0.396   -0.788592    0.614917    0.109305
    26     2.031    -4.531     0.377   -0.828243    0.560369    0.113353
    27     2.231    -4.219     0.364   -0.857696    0.514157    0.115237
    28     2.408    -3.906     0.355   -0.880563    0.473929    0.115914
    29     2.568    -3.594     0.347   -0.899309    0.437314    0.115956
    30     2.713    -3.281     0.341   -0.915465    0.402397    0.115693
    31     2.844    -2.969     0.336   -0.929874    0.367879    0.115306
    32     2.960    -2.656     0.331   -0.942949    0.332938    0.114891
    33     3.064    -2.344     0.327   -0.954835    0.297136    0.114494
    34     3.155    -2.031     0.324   -0.965532    0.260286    0.114135
    35     3.233    -1.719     0.321   -0.974965    0.222361    0.113825
    36     3.298    -1.406     0.318   -0.983033    0.183426    0.113565
    37     3.349    -1.094     0.316   -0.989633    0.143622    0.113356
    38     3.388    -0.781     0.314   -0.994670    0.103108    0.113200
    39     3.414    -0.469     0.313   -0.998071    0.062078    0.113096
    40     3.427    -0.156     0.313   -0.999785    0.020728    0.113044
  
           station no=          18  x =   35.000000000000000        85.000000000000000     
     j       y          z        ds         ny          nz         nx
     1    -2.797    -0.156     0.313    0.999806    0.019689    0.138570
     2    -2.785    -0.469     0.313    0.998259    0.058979    0.138256
     3    -2.760    -0.781     0.314    0.995187    0.097990    0.137629
     4    -2.723    -1.094     0.315    0.990632    0.136561    0.136689
     5    -2.674    -1.406     0.317    0.984654    0.174518    0.135434
     6    -2.612    -1.719     0.320    0.977330    0.211719    0.133865
     7    -2.538    -2.031     0.323    0.968752    0.248032    0.131980
     8    -2.452    -2.344     0.326    0.959011    0.283370    0.129776
     9    -2.354    -2.656     0.330    0.948198    0.317681    0.127248
    10    -2.243    -2.969     0.334    0.936373    0.351007    0.124381
    11    -2.119    -3.281     0.338    0.923544    0.383494    0.121147
    12    -1.983    -3.594     0.344    0.909611    0.415461    0.117487
    13    -1.833    -3.906     0.349    0.894300    0.447468    0.113289
    14    -1.670    -4.219     0.356    0.877060    0.480382    0.108350
    15    -1.490    -4.531     0.365    0.856933    0.515427    0.102319
    16    -1.292    -4.844     0.375    0.832400    0.554176    0.094608
    17    -1.071    -5.156     0.390    0.801248    0.598333    0.084267
    18    -0.821    -5.469     0.411    0.760596    0.649226    0.069806
    19    -0.532    -5.781     0.442    0.707348    0.706865    0.048944
    20    -0.188    -6.094     0.489    0.639438    0.768842    0.000000
    21     0.188    -6.094     0.489   -0.639438    0.768842    0.000000
    22     0.532    -5.781     0.442   -0.707348    0.706865    0.048944
    23     0.821    -5.469     0.411   -0.760596    0.649226    0.069806
    24     1.071    -5.156     0.390   -0.801248    0.598333    0.084267
    25     1.292    -4.844     0.375   -0.832400    0.554176    0.094608
    26     1.490    -4.531     0.365   -0.856933    0.515427    0.102319
    27     1.670    -4.219     0.356   -0.877060    0.480382    0.108350
    28     1.833    -3.906     0.349   -0.894300    0.447468    0.113289
    29     1.983    -3.594     0.344   -0.909611    0.415461    0.117487
    30     2.119    -3.281     0.338   -0.923544    0.383494    0.121147
    31     2.243    -2.969     0.334   -0.936373    0.351007    0.124381
    32     2.354    -2.656     0.330   -0.948198    0.317681    0.127248
    33     2.452    -2.344     0.326   -0.959011    0.283370    0.129776
    34     2.538    -2.031     0.323   -0.968752    0.248032    0.131980
    35     2.612    -1.719     0.320   -0.977330    0.211719    0.133865
    36     2.674    -1.406     0.317   -0.984654    0.174518    0.135434
    37     2.723    -1.094     0.315   -0.990632    0.136561    0.136689
    38     2.760    -0.781     0.314   -0.995187    0.097990    0.137629
    39     2.785    -0.469     0.313   -0.998259    0.058979    0.138256
    40     2.797    -0.156     0.313   -0.999806    0.019689    0.138570
  
           station no=          19  x =   40.000000000000000        90.000000000000000     
     j       y          z        ds         ny          nz         nx
     1    -2.028    -0.156     0.313    0.999879    0.015569    0.167049
     2    -2.018    -0.469     0.313    0.998911    0.046663    0.166395
     3    -1.999    -0.781     0.313    0.996983    0.077624    0.165086
     4    -1.970    -1.094     0.314    0.994112    0.108357    0.163122
     5    -1.931    -1.406     0.316    0.990322    0.138788    0.160500
     6    -1.882    -1.719     0.317    0.985646    0.168828    0.157218
     7    -1.824    -2.031     0.319    0.980120    0.198408    0.153271
     8    -1.755    -2.344     0.321    0.973786    0.227467    0.148657
     9    -1.678    -2.656     0.323    0.966688    0.255957    0.143369
    10    -1.590    -2.969     0.326    0.958869    0.283850    0.137396
    11    -1.493    -3.281     0.329    0.950356    0.311163    0.130723
    12    -1.385    -3.594     0.332    0.941162    0.337957    0.123318
    13    -1.268    -3.906     0.336    0.931251    0.364377    0.115129
    14    -1.141    -4.219     0.339    0.920530    0.390673    0.106062
    15    -1.003    -4.531     0.344    0.908797    0.417238    0.095958
    16    -0.853    -4.844     0.349    0.895701    0.444657    0.084555
    17    -0.692    -5.156     0.355    0.880675    0.473721    0.071430
    18    -0.516    -5.469     0.362    0.862854    0.505453    0.055927
    19    -0.324    -5.781     0.372    0.840994    0.541045    0.037045
    20    -0.112    -6.094     0.384    0.813413    0.581686    0.000000
    21     0.112    -6.094     0.384   -0.813413    0.581686    0.000000
    22     0.324    -5.781     0.372   -0.840994    0.541045    0.037045
    23     0.516    -5.469     0.362   -0.862854    0.505453    0.055927
    24     0.692    -5.156     0.355   -0.880675    0.473721    0.071430
    25     0.853    -4.844     0.349   -0.895701    0.444657    0.084555
    26     1.003    -4.531     0.344   -0.908797    0.417238    0.095958
    27     1.141    -4.219     0.339   -0.920530    0.390673    0.106062
    28     1.268    -3.906     0.336   -0.931251    0.364377    0.115129
    29     1.385    -3.594     0.332   -0.941162    0.337957    0.123318
    30     1.493    -3.281     0.329   -0.950356    0.311163    0.130723
    31     1.590    -2.969     0.326   -0.958869    0.283850    0.137396
    32     1.678    -2.656     0.323   -0.966688    0.255957    0.143369
    33     1.755    -2.344     0.321   -0.973786    0.227467    0.148657
    34     1.824    -2.031     0.319   -0.980120    0.198408    0.153271
    35     1.882    -1.719     0.317   -0.985646    0.168828    0.157218
    36     1.931    -1.406     0.316   -0.990322    0.138788    0.160500
    37     1.970    -1.094     0.314   -0.994112    0.108357    0.163122
    38     1.999    -0.781     0.313   -0.996983    0.077624    0.165086
    39     2.018    -0.469     0.313   -0.998911    0.046663    0.166395
    40     2.028    -0.156     0.313   -0.999879    0.015569    0.167049
  
           station no=          20  x =   45.000000000000000        95.000000000000000     
     j       y          z        ds         ny          nz         nx
     1    -1.103    -0.156     0.313    0.999961    0.008777    0.198751
     2    -1.097    -0.469     0.313    0.999653    0.026327    0.197835
     3    -1.086    -0.781     0.313    0.999038    0.043855    0.196000
     4    -1.070    -1.094     0.313    0.998117    0.061337    0.193245
     5    -1.048    -1.406     0.313    0.996893    0.078766    0.189564
     6    -1.020    -1.719     0.314    0.995370    0.096122    0.184952
     7    -0.987    -2.031     0.315    0.993550    0.113393    0.179401
     8    -0.949    -2.344     0.315    0.991440    0.130560    0.172902
     9    -0.905    -2.656     0.316    0.989045    0.147614    0.165447
    10    -0.856    -2.969     0.317    0.986370    0.164542    0.157024
    11    -0.801    -3.281     0.318    0.983421    0.181336    0.147620
    12    -0.740    -3.594     0.319    0.980203    0.197993    0.137218
    13    -0.674    -3.906     0.320    0.976720    0.214519    0.125797
    14    -0.603    -4.219     0.321    0.972971    0.230928    0.113325
    15    -0.526    -4.531     0.323    0.968950    0.247255    0.099755
    16    -0.444    -4.844     0.324    0.964644    0.263556    0.085015
    17    -0.355    -5.156     0.326    0.960024    0.279919    0.068998
    18    -0.261    -5.469     0.327    0.955040    0.296476    0.051536
    19    -0.161    -5.781     0.329    0.949617    0.313412    0.032383
    20    -0.055    -6.094     0.331    0.943637    0.330981    0.000000
    21     0.055    -6.094     0.331   -0.943637    0.330981    0.000000
    22     0.161    -5.781     0.329   -0.949617    0.313412    0.032383
    23     0.261    -5.469     0.327   -0.955040    0.296476    0.051536
    24     0.355    -5.156     0.326   -0.960024    0.279919    0.068998
    25     0.444    -4.844     0.324   -0.964644    0.263556    0.085015
    26     0.526    -4.531     0.323   -0.968950    0.247255    0.099755
    27     0.603    -4.219     0.321   -0.972971    0.230928    0.113325
    28     0.674    -3.906     0.320   -0.976720    0.214519    0.125797
    29     0.740    -3.594     0.319   -0.980203    0.197993    0.137218
    30     0.801    -3.281     0.318   -0.983421    0.181336    0.147620
    31     0.856    -2.969     0.317   -0.986370    0.164542    0.157024
    32     0.905    -2.656     0.316   -0.989045    0.147614    0.165447
    33     0.949    -2.344     0.315   -0.991440    0.130560    0.172902
    34     0.987    -2.031     0.315   -0.993550    0.113393    0.179401
    35     1.020    -1.719     0.314   -0.995370    0.096122    0.184952
    36     1.048    -1.406     0.313   -0.996893    0.078766    0.189564
    37     1.070    -1.094     0.313   -0.998117    0.061337    0.193245
    38     1.086    -0.781     0.313   -0.999038    0.043855    0.196000
    39     1.097    -0.469     0.313   -0.999653    0.026327    0.197835
    40     1.103    -0.156     0.313   -0.999961    0.008777    0.198751
  
           station no=          21  x =   50.000000000000000        100.00000000000000     
     j       y          z        ds         ny          nz         nx
     1    -0.000    -0.156     0.312    1.000000    0.000000    0.231731
     2    -0.000    -0.469     0.312    1.000000    0.000000    0.230606
     3    -0.000    -0.781     0.312    1.000000    0.000000    0.228353
     4    -0.000    -1.094     0.312    1.000000    0.000000    0.224967
     5    -0.000    -1.406     0.312    1.000000    0.000000    0.220440
     6    -0.000    -1.719     0.312    1.000000    0.000000    0.214761
     7    -0.000    -2.031     0.312    1.000000    0.000000    0.207917
     8    -0.000    -2.344     0.312    1.000000    0.000000    0.199894
     9    -0.000    -2.656     0.312    1.000000    0.000000    0.190676
    10    -0.000    -2.969     0.312    1.000000    0.000000    0.180247
    11    -0.000    -3.281     0.312    1.000000    0.000000    0.168591
    12    -0.000    -3.594     0.312    1.000000    0.000000    0.155695
    13    -0.000    -3.906     0.312    1.000000    0.000000    0.141550
    14    -0.000    -4.219     0.312    1.000000    0.000000    0.126158
    15    -0.000    -4.531     0.312    1.000000    0.000000    0.109533
    16    -0.000    -4.844     0.312    1.000000    0.000000    0.091713
    17    -0.000    -5.156     0.312    1.000000    0.000000    0.072770
    18    -0.000    -5.469     0.312    1.000000    0.000000    0.052822
    19    -0.000    -5.781     0.312    1.000000    0.000000    0.032055
    20    -0.000    -6.094     0.312    1.000000    0.000000    0.000000
    21     0.000    -6.094     0.312   -1.000000    0.000000    0.000000
    22     0.000    -5.781     0.312   -1.000000    0.000000    0.032055
    23     0.000    -5.469     0.312   -1.000000    0.000000    0.052822
    24     0.000    -5.156     0.312   -1.000000    0.000000    0.072770
    25     0.000    -4.844     0.312   -1.000000    0.000000    0.091713
    26     0.000    -4.531     0.312   -1.000000    0.000000    0.109533
    27     0.000    -4.219     0.312   -1.000000    0.000000    0.126158
    28     0.000    -3.906     0.312   -1.000000    0.000000    0.141550
    29     0.000    -3.594     0.312   -1.000000    0.000000    0.155695
    30     0.000    -3.281     0.312   -1.000000    0.000000    0.168591
    31     0.000    -2.969     0.312   -1.000000    0.000000    0.180247
    32     0.000    -2.656     0.312   -1.000000    0.000000    0.190676
    33     0.000    -2.344     0.312   -1.000000    0.000000    0.199894
    34     0.000    -2.031     0.312   -1.000000    0.000000    0.207917
    35     0.000    -1.719     0.312   -1.000000    0.000000    0.214761
    36     0.000    -1.406     0.312   -1.000000    0.000000    0.220440
    37     0.000    -1.094     0.312   -1.000000    0.000000    0.224967
    38     0.000    -0.781     0.312   -1.000000    0.000000    0.228353
    39     0.000    -0.469     0.312   -1.000000    0.000000    0.230606
    40     0.000    -0.156     0.312   -1.000000    0.000000    0.231731
