  
  
 speed =   16.000000000000000      knots Fn=  0.26283004416567352       heading =   180.00000000000000      deg.
  1 : Havelock, 2: Joosen,  3: Gerritsma & Bukelman,     4: Salvesen, 5 : Boese
  
  we        l/L  sqrt(L/l)     1         2            3        4         5
125.8787    0.02    8.00     0.000     0.000    21.418     0.000     0.000
 60.4049    0.04    5.34     0.000     0.000     0.026     0.000    -0.000
 36.4859    0.06    4.00     0.000     0.000     0.013     0.000     0.000
 24.9561    0.10    3.20     0.000     0.000     0.015     0.001     0.000
 18.4454    0.14    2.67     0.000     0.000     0.001     0.000    -0.000
 14.3707    0.19    2.29     0.000     0.000     0.010     0.001    -0.000
 11.6296    0.25    2.00     0.000     0.000     0.036     0.006    -0.000
  9.6842    0.32    1.78     0.000     0.000     0.125     0.025    -0.000
  8.2455    0.39    1.60     0.000     0.000     0.301     0.069     0.000
