34	100	0	35
0.7		8	
1	0.00000	-5.33300	
2	0.02537	-4.54400	
3	0.03185	-3.76600	
4	0.02498	-2.95700	
5	0.04531	-2.01700	
6	0.13200	-1.37200	
7	0.47000	-0.65150	
8	1.11300	0.00000	
1.4		12	
1	0.00000	-5.33300	
2	0.17820	-4.94400
3	0.31530	-4.38600
4	0.37280	-3.84900
5	0.39250	-3.22600
6	0.39820	-2.74400
7	0.43110	-2.09800
8	0.51930	-1.59900
9	0.74540	-1.03900
10	1.00200	-0.67950
11	1.43900	-0.26090
12	1.72000	 0.00000
2.1		9
1	0.00000	-5.33300
2	0.35210	-4.90800
3	0.57350	-4.34500
4	0.68620	-3.71400
5	0.73830	-2.98600
6	0.80550	-2.22500
7	1.06300	-1.37800
8	1.39200	-0.86840
9	2.36000	0.00000
2.8		14
1	0.00000	-5.33300
2	0.37050	-5.09800
3	0.64430	-4.76500
4	0.88980	-4.24500
5	1.01700	-3.76300
6	1.08900	-3.29900
7	1.15100	-2.77100
8	1.21900	-2.35300
9	1.36400	-1.85400
10	1.53800	-1.47300
11	1.93300	-0.92020
12	2.36100	-0.51010
13	2.60200	-0.31050
14	2.98500	0.00000
3.5		14
1	0.00000	-5.33300
2	0.33590	-5.23000
3	0.60100	-5.06200
4	0.85900	-4.81000
5	1.12300	-4.41500
6	1.25500	-4.12200
7	1.36200	-3.78200
8	1.54400	-2.87500
9	1.62800	-2.51000
10	1.93600	-1.74000
11	2.36400	-1.11400
12	2.85400	-0.61890
13	3.18500	-0.33010
14	3.56000	0.000000
4.2		12
1	0.00000	-5.33300
2	0.57070	-5.20100
3	0.90310	-5.00300
4	1.34100	-4.55500
5	1.59900	-4.08500
6	1.83400	-3.34100
7	2.08200	-2.53400
8	2.40700	-1.86800
9	2.72000	-1.40400
10	3.04200	-1.02800
11	3.56900	-0.50990
12	4.08000	 0.00000
4.9		13
1	0.00000	-5.33300
2	0.61920	-5.26900
3	1.08300	-5.07000
4	1.52800	-4.71800
5	1.90300	-4.16000
6	2.12600	-3.62500
7	2.36900	-2.97400
8	2.66700	-2.35300
9	2.91300	-1.93400
10	3.27500	-1.43200
11	3.72000	-0.92380
12	4.15900	-0.45660
13	4.57000	 0.00000
5.6		14
1	0.00000	-5.33300
2	0.48680	-5.34800
3	0.92350	-5.27200
4	1.56500	-4.97900
5	1.92800	-4.65000
6	2.23400	-4.20500
7	2.46800	-3.74900
8	2.76000	-3.13900
9	3.18000	-2.35900
10	3.59100	-1.73200
11	3.87200	-1.37000
12	4.26100	-0.90610
13	4.63200	-0.46220
14	4.99000	0.00000
6.3		16
1	0.00000	-5.33300
2	0.55570	-5.36900
3	1.06100	-5.32200
4	1.48700	-5.20500
5	1.94500	-4.95500
6	2.37100	-4.53700
7	2.59000	-4.24300
8	2.87900	-3.77600
9	3.20400	-3.19300
10	3.45900	-2.73200
11	3.75100	-2.23700
12	4.11200	-1.70900
13	4.46300	-1.24500
14	4.85400	-0.73090
15	5.05000	-0.46220
16	5.35800	0.00000
7		16
1	0.00000	-5.33300
2	0.37150	-5.36100
3	0.70220	-5.37400
4	1.01100	-5.36700
5	1.41300	-5.32000
6	1.78500	-5.21900
7	2.13000	-5.05200
8	2.75500	-4.52700
9	3.24600	-3.88800
10	3.64500	-3.22700
11	3.87400	-2.81900
12	4.21500	-2.24600
13	4.55000	-1.74200
14	4.91200	-1.21800
15	5.28200	-0.66510
16	5.67300	0.00000
8.4		15
1	0.00000	-5.33300
2	0.57100	-5.33800
3	1.08800	-5.35400
4	1.98300	-5.29700
5	2.59700	-5.12600
6	3.09700	-4.87700
7	3.60800	-4.47300
8	4.07400	-3.89900
9	4.49500	-3.22300
10	4.82100	-2.66600
11	5.07700	-2.22300
12	5.35200	-1.72900
13	5.64900	-1.15100
14	5.92300	-0.54760
15	6.13000	 0.00000
9.8		15
1	0.00000	-5.33300
2	0.53980	-5.31800
3	0.98170	-5.32700
4	1.70200	-5.34600
5	2.38300	-5.32400
6	3.35500	-5.12900
7	3.88000	-4.86700
8	4.36000	-4.45900
9	4.74700	-4.00500
10	5.08200	-3.52500
11	5.45900	-2.87600
12	5.77900	-2.18100
13	6.04700	-1.43200
14	6.22500	-0.80850
15	6.40500	 0.00000
11.2		10
1	0.00000	-5.33300
2	1.09700	-5.32200
3	2.57500	-5.36200
4	3.73900	-5.22300
5	4.69000	-4.72300
6	5.47700	-3.91500
7	6.06200	-2.77700
8	6.32400	-1.80500
9	6.45500	-0.97800
10	6.55300	 0.00000
12.6		16
1	0.00000	-5.33300
2	0.97430	-5.32100
3	1.67700	-5.32700
4	2.53800	-5.35800
5	3.50800	-5.34700
6	3.98000	-5.27600
7	4.66900	-5.05000
8	5.36800	-4.62800
9	5.81000	-4.17700
10	6.13400	-3.62500
11	6.34400	-3.04500
12	6.47000	-2.48700
13	6.55800	-1.77300
14	6.59700	-1.11400
15	6.61700	-0.56660
16	6.63100	 0.00000
14		13
1	0.00000	-5.33300
2	0.92380	-5.32400
3	2.13300	-5.33600
4	2.93700	-5.36400
5	4.16100	-5.30500
6	4.85100	-5.15000
7	5.57000	-4.81700
8	6.20800	-4.10200
9	6.49500	-3.32800
10	6.63100	-2.44000
11	6.65900	-1.43800
12	6.65800	-0.71810
13	6.66200	 0.00000
15.4		12
1	0.00000	-5.33300
2	0.96270	-5.32700
3	2.17200	-5.33400
4	3.17700	-5.36100
5	4.01300	-5.34600
6	5.55800	-5.01400
7	6.12600	-4.54900
8	6.49000	-3.81100
9	6.65500	-2.96600
10	6.68100	-1.76400
11	6.66100	-0.94880
12	6.66100	 0.00000
16.8		15
1	0.00000	-5.33300
2	0.64250	-5.33100
3	1.73100	-5.32900
4	2.40100	-5.33700
5	3.28400	-5.35200
6	4.06800	-5.34600
7	5.08700	-5.24600
8	5.82100	-4.96400
9	6.21100	-4.57800
10	6.54000	-3.83100
11	6.67700	-3.02000
12	6.69000	-1.93100
13	6.66300	-1.18000
14	6.65700	-0.70300
15	6.66000	 0.00000
18.2		14
1	0.00000	-5.33300
2	0.81140	-5.33000
3	1.71800	-5.32900
4	2.74200	-5.34400
5	3.76900	-5.34900
6	4.79200	-5.28600
7	5.50600	-5.10500
8	5.99400	-4.78900
9	6.45900	-4.03200
10	6.65300	-3.23700
11	6.70600	-2.48300
12	6.68700	-1.62500
13	6.66800	-0.86720
14	6.66900	 0.00000
19.6		18
1	0.00000	-5.33300
2	0.99910	-5.32700
3	1.90000	-5.33000
4	2.63200	-5.34900
5	3.31300	-5.35900
6	4.03500	-5.33700
7	4.73600	-5.24900
8	5.26000	-5.10000
9	5.71400	-4.85400
10	6.01100	-4.57600
11	6.33500	-4.04700
12	6.54000	-3.42400
13	6.64000	-2.72900
14	6.66100	-2.12200
15	6.65100	-1.37400
16	6.64200	-0.87100
17	6.64100	-0.35550
18	6.64300	 0.00000
21		17
1	0.00000	-5.33300
2	0.69200	-5.32600
3	1.48900	-5.32400
4	2.29300	-5.34600
5	3.03500	-5.36500
6	3.71400	-5.33900
7	4.27400	-5.26100
8	4.75900	-5.13200
9	5.11900	-4.98100
10	5.77400	-4.47400
11	6.13700	-3.88700
12	6.36100	-3.21100
13	6.43600	-2.78900
14	6.49500	-1.95000
15	6.49900	-1.28800
16	6.50100	-0.59430
17	6.50900	 0.00000
22.4		19
1	0.00000	-5.33300
2	0.59430	-5.32400
3	1.30500	-5.32400
4	1.94300	-5.33900
5	2.70000	-5.35800
6	3.22000	-5.34000
7	3.69500	-5.27800
8	4.14400	-5.16400
9	4.75200	-4.89400
10	5.23500	-4.54000
11	5.62400	-4.06500
12	5.80100	-3.73600
13	5.99000	-3.22800
14	6.13100	-2.51400
15	6.17300	-2.04100
16	6.19400	-1.54400
17	6.20300	-1.06900
18	6.21600	-0.52900
19	6.23700	 0.00000
23.8		17
1	0.00000	-5.33300
2	0.57000	-5.32500
3	1.20300	-5.33100
4	1.89200	-5.33900
5	2.37400	-5.33100
6	3.01300	-5.27100
7	3.55800	-5.14200
8	4.02400	-4.94500
9	4.45300	-4.67000
10	4.84600	-4.30900
11	5.20800	-3.80200
12	5.47600	-3.18900
13	5.64800	-2.47800
14	5.71900	-1.86100
15	5.75900	-1.16600
16	5.78000	-0.73100
17	5.83100	 0.00000
25.2		14
1	0.00000	-5.33300
2	0.89990	-5.33600
3	1.67200	-5.32200
4	2.19200	-5.26900
5	2.77400	-5.13700
6	3.25900	-4.94600
7	3.68300	-4.69200
8	4.05400	-4.38100
9	4.44200	-3.91900
10	4.73100	-3.38300
11	4.97700	-2.57000
12	5.10200	-1.74800
13	5.17300	-1.04000
14	5.28400	 0.00000
26.6		13
1	0.00000	-5.33300
2	0.62070	-5.33800
3	1.13800	-5.31400
4	1.74300	-5.22000
5	2.20700	-5.07700
6	2.61100	-4.88600
7	3.05300	-4.58300
8	3.59600	-4.00500
9	3.99400	-3.27800
10	4.23800	-2.36500
11	4.34500	-1.63900
12	4.43000	-0.98670
13	4.57200	 0.00000
28		15
1	0.00000	-5.33300
2	0.50510	-5.32100
3	0.96290	-5.25100
4	1.40700	-5.12500
5	1.79400	-4.95000
6	2.15700	-4.71600
7	2.55200	-4.34900
8	2.85000	-3.94200
9	3.11600	-3.39400
10	3.30700	-2.77700
11	3.44100	-2.08900
12	3.51800	-1.55400
13	3.59200	-0.98460
14	3.66600	-0.44940
15	3.73700	 0.00000
28.7		13
1	0.00000	-5.33300
2	0.59650	-5.27700
3	1.18600	-5.10300
4	1.68700	-4.82800
5	2.10100	-4.46500
6	2.38400	-4.09700
7	2.63000	-3.62100
8	2.82100	-3.05400
9	2.94900	-2.46500
10	3.05000	-1.79600
11	3.13100	-1.12900
12	3.20300	-0.54740
13	3.28800	 0.00000
29.4		15
1	0.00000	-5.33300
2	0.45070	-5.27200
3	0.73130	-5.19200
4	1.06200	-5.05200
5	1.34900	-4.87400
6	1.70700	-4.54900
7	2.00300	-4.14800
8	2.21300	-3.73200
9	2.38500	-3.22000
10	2.47800	-2.81200
11	2.56300	-2.26200
12	2.62200	-1.73400
13	2.67900	-1.18300
14	2.74000	-0.63040
15	2.83100	 0.00000
30.1		16
1	0.00000	-5.33300
2	0.31900	-5.27400
3	0.60730	-5.17400
4	0.88940	-5.03200
5	1.14700	-4.84600
6	1.36600	-4.62500
7	1.58400	-4.31900
8	1.79800	-3.88600
9	1.95300	-3.42500
10	2.06200	-2.94500
11	2.12800	-2.50700
12	2.18600	-1.92800
13	2.22800	-1.39000
14	2.26900	-0.90660
15	2.32200	-0.40390
16	2.37700	 0.00000
30.8		14
1	0.00000	-5.33300
2	0.43080	-5.19700
3	0.79120	-4.97400
4	1.10100	-4.66200
5	1.27900	-4.38000
6	1.47600	-3.88400
7	1.60600	-3.37700
8	1.68200	-2.94100
9	1.74500	-2.41800
10	1.78100	-1.97400
11	1.81100	-1.48000
12	1.85200	-0.86720
13	1.88500	-0.48030
14	1.94200	 0.00000
31.5		13
1	0.00000	-5.33300
2	0.50510	-5.08500
3	0.76610	-4.83800
4	1.00400	-4.47100
5	1.18200	-3.91000
6	1.25800	-3.45000
7	1.32900	-2.83700
8	1.37400	-2.29600
9	1.40000	-1.86800
10	1.42100	-1.42900
11	1.44000	-1.05800
12	1.47000	-0.60570
13	1.52900	 0.00000
32.2		14
1	0.00000	-5.33300
2	0.30110	-5.16200
3	0.48800	-4.97800
4	0.73790	-4.60200
5	0.90670	-4.02800
6	0.95440	-3.51700
7	0.97990	-3.06400
8	1.00500	-2.60700
9	1.02900	-2.15500
10	1.04800	-1.70500
11	1.06500	-1.23600
12	1.08200	-0.86950
13	1.10000	-0.57760
14	1.15200	 0.00000
32.9		18
1	0.00000	-5.33300
2	0.16690	-5.20100
3	0.32170	-5.01400
4	0.46950	-4.75700
5	0.58000	-4.47600
6	0.65000	-4.17000
7	0.68200	-3.86500
8	0.69120	-3.57600
9	0.69340	-3.25600
10	0.69620	-3.01800
11	0.70270	-2.69300
12	0.71160	-2.39300
13	0.72020	-2.13200
14	0.73280	-1.72300
15	0.74460	-1.33300
16	0.75800	-0.96880
17	0.78050	-0.53990
18	0.82480	 0.00000
33.6		14
1	0.00000	-5.33300
2	0.15320	-5.10300
3	0.28760	-4.78200
4	0.39650	-4.35200
5	0.45000	-3.80000
6	0.45250	-3.29600
7	0.45170	-2.81200
8	0.45400	-2.48300
9	0.45920	-2.06600
10	0.46510	-1.71600
11	0.47420	-1.26000
12	0.48850	-0.80450
13	0.51010	-0.37980
14	0.53790	 0.00000
34.3		15
1	0.00000	-5.33300
2	0.09336	-4.94300
3	0.15690	-4.52200
4	0.18950	-4.12100
5	0.20380	-3.59800
6	0.20330	-3.19300
7	0.20320	-2.76100
8	0.20490	-2.44000
9	0.20750	-2.12000
10	0.21090	-1.81500
11	0.21540	-1.50100
12	0.22220	-1.12500
13	0.23260	-0.72310
14	0.24770	-0.35730
15	0.26740	-0.35730
