          21   100.0000       0.000000       20.00000    
   0.000000              21
           1   0.000000      -6.250000    
           2   0.000000      -5.937500    
           3   0.000000      -5.625000    
           4   0.000000      -5.312500    
           5   0.000000      -5.000000    
           6   0.000000      -4.687500    
           7   0.000000      -4.375000    
           8   0.000000      -4.062500    
           9   0.000000      -3.750000    
          10   0.000000      -3.437500    
          11   0.000000      -3.125000    
          12   0.000000      -2.812500    
          13   0.000000      -2.500000    
          14   0.000000      -2.187500    
          15   0.000000      -1.875000    
          16   0.000000      -1.562500    
          17   0.000000      -1.250000    
          18   0.000000     -0.9375000    
          19   0.000000     -0.6250000    
          20   0.000000     -0.3125000    
          21   0.000000       0.000000    
   1.000000              21
           1   0.000000      -6.250000    
           2  0.2192193      -5.937500    
           3  0.4254943      -5.625000    
           4  0.6195146      -5.312500    
           5  0.8017493      -5.000000    
           6  0.9725094      -4.687500    
           7   1.131996      -4.375000    
           8   1.280335      -4.062500    
           9   1.417605      -3.750000    
          10   1.543850      -3.437500    
          11   1.659096      -3.125000    
          12   1.763356      -2.812500    
          13   1.856636      -2.500000    
          14   1.938941      -2.187500    
          15   2.010271      -1.875000    
          16   2.070627      -1.562500    
          17   2.120010      -1.250000    
          18   2.158418     -0.9375000    
          19   2.185853     -0.6250000    
          20   2.202314     -0.3125000    
          21   2.207801       0.000000    
   2.000000              21
           1   0.000000      -6.250000    
           2  0.4469486      -5.937500    
           3  0.8490363      -5.625000    
           4   1.215157      -5.312500    
           5   1.551348      -5.000000    
           6   1.861620      -4.687500    
           7   2.148564      -4.375000    
           8   2.413815      -4.062500    
           9   2.658362      -3.750000    
          10   2.882791      -3.437500    
          11   3.087426      -3.125000    
          12   3.272443      -2.812500    
          13   3.437928      -2.500000    
          14   3.583922      -2.187500    
          15   3.710443      -1.875000    
          16   3.817497      -1.562500    
          17   3.905086      -1.250000    
          18   3.973211     -0.9375000    
          19   4.021871     -0.6250000    
          20   4.051067     -0.3125000    
          21   4.060800       0.000000    
   3.000000              21
           1   0.000000      -6.250000    
           2  0.7514825      -5.937500    
           3   1.376056      -5.625000    
           4   1.909541      -5.312500    
           5   2.376260      -5.000000    
           6   2.792358      -4.687500    
           7   3.168283      -4.375000    
           8   3.510607      -4.062500    
           9   3.823328      -3.750000    
          10   4.108794      -3.437500    
          11   4.368319      -3.125000    
          12   4.602605      -2.812500    
          13   4.812004      -2.500000    
          14   4.996680      -2.187500    
          15   5.156701      -1.875000    
          16   5.292094      -1.562500    
          17   5.402868      -1.250000    
          18   5.489026     -0.9375000    
          19   5.550567     -0.6250000    
          20   5.587492     -0.3125000    
          21   5.599800       0.000000    
   4.000000              21
           1   0.000000      -6.250000    
           2   1.178558      -5.937500    
           3   2.077522      -5.625000    
           4   2.785725      -5.312500    
           5   3.363486      -5.000000    
           6   3.850840      -4.687500    
           7   4.273700      -4.375000    
           8   4.648363      -4.062500    
           9   4.984747      -3.750000    
          10   5.288670      -3.437500    
          11   5.563392      -3.125000    
          12   5.810656      -2.812500    
          13   6.031332      -2.500000    
          14   6.225826      -2.187500    
          15   6.394313      -1.875000    
          16   6.536856      -1.562500    
          17   6.653477      -1.250000    
          18   6.744181     -0.9375000    
          19   6.808969     -0.6250000    
          20   6.847842     -0.3125000    
          21   6.860800       0.000000    
   5.000000              21
           1   0.000000      -6.250000    
           2   1.728938      -5.937500    
           3   2.955901      -5.625000    
           4   3.848424      -5.312500    
           5   4.520261      -5.000000    
           6   5.046918      -4.687500    
           7   5.477263      -4.375000    
           8   5.842032      -4.062500    
           9   6.159930      -3.750000    
          10   6.441927      -3.437500    
          11   6.694176      -3.125000    
          12   6.919957      -2.812500    
          13   7.120918      -2.500000    
          14   7.297822      -2.187500    
          15   7.450996      -1.875000    
          16   7.580563      -1.562500    
          17   7.686562      -1.250000    
          18   7.769003     -0.9375000    
          19   7.827890     -0.6250000    
          20   7.863222     -0.3125000    
          21   7.875000       0.000000    
   6.000000              21
           1   0.000000      -6.250000    
           2   2.357558      -5.937500    
           3   3.943860      -5.625000    
           4   5.022531      -5.312500    
           5   5.772558      -5.000000    
           6   6.312757      -4.687500    
           7   6.720021      -4.375000    
           8   7.042711      -4.062500    
           9   7.310264      -3.750000    
          10   7.539937      -3.437500    
          11   7.741416      -3.125000    
          12   7.919862      -2.812500    
          13   8.077863      -2.500000    
          14   8.216626      -2.187500    
          15   8.336661      -1.875000    
          16   8.438164      -1.562500    
          17   8.521195      -1.250000    
          18   8.585773     -0.9375000    
          19   8.631899     -0.6250000    
          20   8.659574     -0.3125000    
          21   8.668799       0.000000    
   7.000000              21
           1   0.000000      -6.250000    
           2   2.986275      -5.937500    
           3   4.923633      -5.625000    
           4   6.175179      -5.312500    
           5   6.987447      -5.000000    
           6   7.524084      -4.687500    
           7   7.891003      -4.375000    
           8   8.154816      -4.062500    
           9   8.356066      -3.750000    
          10   8.518523      -3.437500    
          11   8.655527      -3.125000    
          12   8.774188      -2.812500    
          13   8.878072      -2.500000    
          14   8.968839      -2.187500    
          15   9.047192      -1.875000    
          16   9.113399      -1.562500    
          17   9.167546      -1.250000    
          18   9.209659     -0.9375000    
          19   9.239737     -0.6250000    
          20   9.257784     -0.3125000    
          21   9.263800       0.000000    
   8.000000              21
           1   0.000000      -6.250000    
           2   3.523490      -5.937500    
           3   5.756812      -5.625000    
           4   7.149694      -5.312500    
           5   8.007486      -5.000000    
           6   8.532877      -4.687500    
           7   8.857046      -4.375000    
           8   9.062495      -4.062500    
           9   9.199443      -3.750000    
          10   9.297327      -3.437500    
          11   9.372672      -3.125000    
          12   9.434282      -2.812500    
          13   9.486575      -2.500000    
          14   9.531607      -2.187500    
          15   9.570250      -1.875000    
          16   9.602834      -1.562500    
          17   9.629465      -1.250000    
          18   9.650174     -0.9375000    
          19   9.664967     -0.6250000    
          20   9.673841     -0.3125000    
          21   9.676800       0.000000    
   9.000000              21
           1   0.000000      -6.250000    
           2   3.885118      -5.937500    
           3   6.316200      -5.625000    
           4   7.801883      -5.312500    
           5   8.687510      -5.000000    
           6   9.202320      -4.687500    
           7   9.494673      -4.375000    
           8   9.657881      -4.062500    
           9   9.748734      -3.750000    
          10   9.800531      -3.437500    
          11   9.831959      -3.125000    
          12   9.852977      -2.812500    
          13   9.868579      -2.500000    
          14   9.881089      -2.187500    
          15   9.891497      -1.875000    
          16   9.900176      -1.562500    
          17   9.907246      -1.250000    
          18   9.912739     -0.9375000    
          19   9.916661     -0.6250000    
          20   9.919015     -0.3125000    
          21   9.919800       0.000000    
   10.00000              21
           1   0.000000      -6.250000    
           2   4.012632      -5.937500    
           3   6.513216      -5.625000    
           4   8.031256      -5.312500    
           5   8.926258      -5.000000    
           6   9.436865      -4.687500    
           7   9.717524      -4.375000    
           8   9.865373      -4.062500    
           9   9.939533      -3.750000    
          10   9.974670      -3.437500    
          11   9.990234      -3.125000    
          12   9.996594      -2.812500    
          13   9.998951      -2.500000    
          14   9.999724      -2.187500    
          15   9.999941      -1.875000    
          16   9.999990      -1.562500    
          17   9.999999      -1.250000    
          18   10.00000     -0.9375000    
          19   10.00000     -0.6250000    
          20   10.00000     -0.3125000    
          21   10.00000       0.000000    
   11.00000              21
           1   0.000000      -6.250000    
           2   3.885118      -5.937500    
           3   6.316200      -5.625000    
           4   7.801883      -5.312500    
           5   8.687510      -5.000000    
           6   9.202320      -4.687500    
           7   9.494673      -4.375000    
           8   9.657881      -4.062500    
           9   9.748734      -3.750000    
          10   9.800531      -3.437500    
          11   9.831959      -3.125000    
          12   9.852977      -2.812500    
          13   9.868579      -2.500000    
          14   9.881089      -2.187500    
          15   9.891497      -1.875000    
          16   9.900176      -1.562500    
          17   9.907246      -1.250000    
          18   9.912739     -0.9375000    
          19   9.916661     -0.6250000    
          20   9.919015     -0.3125000    
          21   9.919800       0.000000    
   12.00000              21
           1   0.000000      -6.250000    
           2   3.523490      -5.937500    
           3   5.756812      -5.625000    
           4   7.149694      -5.312500    
           5   8.007486      -5.000000    
           6   8.532877      -4.687500    
           7   8.857046      -4.375000    
           8   9.062495      -4.062500    
           9   9.199443      -3.750000    
          10   9.297327      -3.437500    
          11   9.372672      -3.125000    
          12   9.434282      -2.812500    
          13   9.486575      -2.500000    
          14   9.531607      -2.187500    
          15   9.570250      -1.875000    
          16   9.602834      -1.562500    
          17   9.629465      -1.250000    
          18   9.650174     -0.9375000    
          19   9.664967     -0.6250000    
          20   9.673841     -0.3125000    
          21   9.676800       0.000000    
   13.00000              21
           1   0.000000      -6.250000    
           2   2.986275      -5.937500    
           3   4.923633      -5.625000    
           4   6.175179      -5.312500    
           5   6.987447      -5.000000    
           6   7.524084      -4.687500    
           7   7.891003      -4.375000    
           8   8.154816      -4.062500    
           9   8.356066      -3.750000    
          10   8.518523      -3.437500    
          11   8.655527      -3.125000    
          12   8.774188      -2.812500    
          13   8.878072      -2.500000    
          14   8.968839      -2.187500    
          15   9.047192      -1.875000    
          16   9.113399      -1.562500    
          17   9.167546      -1.250000    
          18   9.209659     -0.9375000    
          19   9.239737     -0.6250000    
          20   9.257784     -0.3125000    
          21   9.263800       0.000000    
   14.00000              21
           1   0.000000      -6.250000    
           2   2.357558      -5.937500    
           3   3.943860      -5.625000    
           4   5.022531      -5.312500    
           5   5.772558      -5.000000    
           6   6.312757      -4.687500    
           7   6.720021      -4.375000    
           8   7.042711      -4.062500    
           9   7.310264      -3.750000    
          10   7.539937      -3.437500    
          11   7.741416      -3.125000    
          12   7.919862      -2.812500    
          13   8.077863      -2.500000    
          14   8.216626      -2.187500    
          15   8.336661      -1.875000    
          16   8.438164      -1.562500    
          17   8.521195      -1.250000    
          18   8.585773     -0.9375000    
          19   8.631899     -0.6250000    
          20   8.659574     -0.3125000    
          21   8.668799       0.000000    
   15.00000              21
           1   0.000000      -6.250000    
           2   1.728938      -5.937500    
           3   2.955901      -5.625000    
           4   3.848424      -5.312500    
           5   4.520261      -5.000000    
           6   5.046918      -4.687500    
           7   5.477263      -4.375000    
           8   5.842032      -4.062500    
           9   6.159930      -3.750000    
          10   6.441927      -3.437500    
          11   6.694176      -3.125000    
          12   6.919957      -2.812500    
          13   7.120918      -2.500000    
          14   7.297822      -2.187500    
          15   7.450996      -1.875000    
          16   7.580563      -1.562500    
          17   7.686562      -1.250000    
          18   7.769003     -0.9375000    
          19   7.827890     -0.6250000    
          20   7.863222     -0.3125000    
          21   7.875000       0.000000    
   16.00000              21
           1   0.000000      -6.250000    
           2   1.178558      -5.937500    
           3   2.077522      -5.625000    
           4   2.785725      -5.312500    
           5   3.363486      -5.000000    
           6   3.850840      -4.687500    
           7   4.273700      -4.375000    
           8   4.648363      -4.062500    
           9   4.984747      -3.750000    
          10   5.288670      -3.437500    
          11   5.563392      -3.125000    
          12   5.810656      -2.812500    
          13   6.031332      -2.500000    
          14   6.225826      -2.187500    
          15   6.394313      -1.875000    
          16   6.536856      -1.562500    
          17   6.653477      -1.250000    
          18   6.744181     -0.9375000    
          19   6.808969     -0.6250000    
          20   6.847842     -0.3125000    
          21   6.860800       0.000000    
   17.00000              21
           1   0.000000      -6.250000    
           2  0.7514825      -5.937500    
           3   1.376056      -5.625000    
           4   1.909541      -5.312500    
           5   2.376260      -5.000000    
           6   2.792358      -4.687500    
           7   3.168283      -4.375000    
           8   3.510607      -4.062500    
           9   3.823328      -3.750000    
          10   4.108794      -3.437500    
          11   4.368319      -3.125000    
          12   4.602605      -2.812500    
          13   4.812004      -2.500000    
          14   4.996680      -2.187500    
          15   5.156701      -1.875000    
          16   5.292094      -1.562500    
          17   5.402868      -1.250000    
          18   5.489026     -0.9375000    
          19   5.550567     -0.6250000    
          20   5.587492     -0.3125000    
          21   5.599800       0.000000    
   18.00000              21
           1   0.000000      -6.250000    
           2  0.4469486      -5.937500    
           3  0.8490363      -5.625000    
           4   1.215157      -5.312500    
           5   1.551348      -5.000000    
           6   1.861620      -4.687500    
           7   2.148564      -4.375000    
           8   2.413815      -4.062500    
           9   2.658362      -3.750000    
          10   2.882791      -3.437500    
          11   3.087426      -3.125000    
          12   3.272443      -2.812500    
          13   3.437928      -2.500000    
          14   3.583922      -2.187500    
          15   3.710443      -1.875000    
          16   3.817497      -1.562500    
          17   3.905086      -1.250000    
          18   3.973211     -0.9375000    
          19   4.021871     -0.6250000    
          20   4.051067     -0.3125000    
          21   4.060800       0.000000    
   19.00000              21
           1   0.000000      -6.250000    
           2  0.2192193      -5.937500    
           3  0.4254943      -5.625000    
           4  0.6195146      -5.312500    
           5  0.8017493      -5.000000    
           6  0.9725094      -4.687500    
           7   1.131996      -4.375000    
           8   1.280335      -4.062500    
           9   1.417605      -3.750000    
          10   1.543850      -3.437500    
          11   1.659096      -3.125000    
          12   1.763356      -2.812500    
          13   1.856636      -2.500000    
          14   1.938941      -2.187500    
          15   2.010271      -1.875000    
          16   2.070627      -1.562500    
          17   2.120010      -1.250000    
          18   2.158418     -0.9375000    
          19   2.185853     -0.6250000    
          20   2.202314     -0.3125000    
          21   2.207801       0.000000    
   20.00000              21
           1   0.000000      -6.250000    
           2   0.000000      -5.937500    
           3   0.000000      -5.625000    
           4   0.000000      -5.312500    
           5   0.000000      -5.000000    
           6   0.000000      -4.687500    
           7   0.000000      -4.375000    
           8   0.000000      -4.062500    
           9   0.000000      -3.750000    
          10   0.000000      -3.437500    
          11   0.000000      -3.125000    
          12   0.000000      -2.812500    
          13   0.000000      -2.500000    
          14   0.000000      -2.187500    
          15   0.000000      -1.875000    
          16   0.000000      -1.562500    
          17   0.000000      -1.250000    
          18   0.000000     -0.9375000    
          19   0.000000     -0.6250000    
          20   0.000000     -0.3125000    
          21   0.000000       0.000000    
