          21   150.000000       0.00000000       20.0000000    
   0.00000000              21
           1   0.00000000      -7.00000000    
           2   0.00000000      -6.65000010    
           3   0.00000000      -6.30000019    
           4   0.00000000      -5.94999981    
           5   0.00000000      -5.59999990    
           6   0.00000000      -5.25000000    
           7   0.00000000      -4.90000010    
           8   0.00000000      -4.55000019    
           9   0.00000000      -4.19999981    
          10   0.00000000      -3.84999990    
          11   0.00000000      -3.50000000    
          12   0.00000000      -3.15000010    
          13   0.00000000      -2.79999995    
          14   0.00000000      -2.45000005    
          15   0.00000000      -2.09999990    
          16   0.00000000      -1.75000000    
          17   0.00000000      -1.39999998    
          18   0.00000000      -1.04999995    
          19   0.00000000     -0.699999988    
          20   0.00000000     -0.349999994    
          21   0.00000000       0.00000000    
   1.00000000              21
           1   0.00000000      -7.00000000    
           2  0.164414391      -6.65000010    
           3  0.319120646      -6.30000019    
           4  0.464635938      -5.94999981    
           5  0.601311922      -5.59999990    
           6  0.729382038      -5.25000000    
           7  0.848996997      -4.90000010    
           8  0.960251570      -4.55000019    
           9   1.06320381      -4.19999981    
          10   1.15788746      -3.84999990    
          11   1.24432182      -3.50000000    
          12   1.32251668      -3.15000010    
          13   1.39247715      -2.79999995    
          14   1.45420575      -2.45000005    
          15   1.50770402      -2.09999990    
          16   1.55297089      -1.75000000    
          17   1.59000742      -1.39999998    
          18   1.61881351      -1.04999995    
          19   1.63939047     -0.699999988    
          20   1.65173542     -0.349999994    
          21   1.65584993       0.00000000    
   2.00000000              21
           1   0.00000000      -7.00000000    
           2  0.335211456      -6.65000010    
           3  0.636777282      -6.30000019    
           4  0.911367416      -5.94999981    
           5   1.16351116      -5.59999990    
           6   1.39621484      -5.25000000    
           7   1.61142302      -4.90000010    
           8   1.81036055      -4.55000019    
           9   1.99377143      -4.19999981    
          10   2.16209269      -3.84999990    
          11   2.31556940      -3.50000000    
          12   2.45433164      -3.15000010    
          13   2.57844591      -2.79999995    
          14   2.68794155      -2.45000005    
          15   2.78283167      -2.09999990    
          16   2.86312199      -1.75000000    
          17   2.92881441      -1.39999998    
          18   2.97990751      -1.04999995    
          19   3.01640415     -0.699999988    
          20   3.03830099     -0.349999994    
          21   3.04559994       0.00000000    
   3.00000000              21
           1   0.00000000      -7.00000000    
           2  0.563611805      -6.65000010    
           3   1.03204167      -6.30000019    
           4   1.43215549      -5.94999981    
           5   1.78219509      -5.59999990    
           6   2.09426832      -5.25000000    
           7   2.37621164      -4.90000010    
           8   2.63295460      -4.55000019    
           9   2.86749601      -4.19999981    
          10   3.08159566      -3.84999990    
          11   3.27623987      -3.50000000    
          12   3.45195436      -3.15000010    
          13   3.60900307      -2.79999995    
          14   3.74750996      -2.45000005    
          15   3.86752510      -2.09999990    
          16   3.96907067      -1.75000000    
          17   4.05215073      -1.39999998    
          18   4.11676979      -1.04999995    
          19   4.16292477     -0.699999988    
          20   4.19061899     -0.349999994    
          21   4.19985008       0.00000000    
   4.00000000              21
           1   0.00000000      -7.00000000    
           2  0.883918643      -6.65000010    
           3   1.55814147      -6.30000019    
           4   2.08929443      -5.94999981    
           5   2.52261448      -5.59999990    
           6   2.88813019      -5.25000000    
           7   3.20527506      -4.90000010    
           8   3.48627305      -4.55000019    
           9   3.73855948      -4.19999981    
          10   3.96650267      -3.84999990    
          11   4.17254400      -3.50000000    
          12   4.35799217      -3.15000010    
          13   4.52349901      -2.79999995    
          14   4.66936922      -2.45000005    
          15   4.79573393      -2.09999990    
          16   4.90264225      -1.75000000    
          17   4.99010706      -1.39999998    
          18   5.05813503      -1.04999995    
          19   5.10672617     -0.699999988    
          20   5.13588142     -0.349999994    
          21   5.14559984       0.00000000    
   5.00000000              21
           1   0.00000000      -7.00000000    
           2   1.29670370      -6.65000010    
           3   2.21692491      -6.30000019    
           4   2.88631797      -5.94999981    
           5   3.39019489      -5.59999990    
           6   3.78518844      -5.25000000    
           7   4.10794783      -4.90000010    
           8   4.38152409      -4.55000019    
           9   4.61994743      -4.19999981    
          10   4.83144474      -3.84999990    
          11   5.02063227      -3.50000000    
          12   5.18996859      -3.15000010    
          13   5.34068823      -2.79999995    
          14   5.47336674      -2.45000005    
          15   5.58824682      -2.09999990    
          16   5.68542147      -1.75000000    
          17   5.76492167      -1.39999998    
          18   5.82675266      -1.04999995    
          19   5.87091732     -0.699999988    
          20   5.89741659     -0.349999994    
          21   5.90625000       0.00000000    
   6.00000000              21
           1   0.00000000      -7.00000000    
           2   1.76816845      -6.65000010    
           3   2.95789504      -6.30000019    
           4   3.76689768      -5.94999981    
           5   4.32941866      -5.59999990    
           6   4.73456717      -5.25000000    
           7   5.04001474      -4.90000010    
           8   5.28203392      -4.55000019    
           9   5.48269796      -4.19999981    
          10   5.65495348      -3.84999990    
          11   5.80606174      -3.50000000    
          12   5.93989658      -3.15000010    
          13   6.05839634      -2.79999995    
          14   6.16246986      -2.45000005    
          15   6.25249672      -2.09999990    
          16   6.32862282      -1.75000000    
          17   6.39089727      -1.39999998    
          18   6.43932867      -1.04999995    
          19   6.47392368     -0.699999988    
          20   6.49468040     -0.349999994    
          21   6.50160027       0.00000000    
   7.00000000              21
           1   0.00000000      -7.00000000    
           2   2.23970556      -6.65000010    
           3   3.69272566      -6.30000019    
           4   4.63138485      -5.94999981    
           5   5.24058437      -5.59999990    
           6   5.64306307      -5.25000000    
           7   5.91825151      -4.90000010    
           8   6.11611176      -4.55000019    
           9   6.26704931      -4.19999981    
          10   6.38889313      -3.84999990    
          11   6.49164581      -3.50000000    
          12   6.58064079      -3.15000010    
          13   6.65855408      -2.79999995    
          14   6.72662830      -2.45000005    
          15   6.78539371      -2.09999990    
          16   6.83504820      -1.75000000    
          17   6.87565994      -1.39999998    
          18   6.90724325      -1.04999995    
          19   6.92980194     -0.699999988    
          20   6.94333792     -0.349999994    
          21   6.94784975       0.00000000    
   8.00000000              21
           1   0.00000000      -7.00000000    
           2   2.64261746      -6.65000010    
           3   4.31760883      -6.30000019    
           4   5.36227036      -5.94999981    
           5   6.00561476      -5.59999990    
           6   6.39965725      -5.25000000    
           7   6.64278460      -4.90000010    
           8   6.79687214      -4.55000019    
           9   6.89958143      -4.19999981    
          10   6.97299576      -3.84999990    
          11   7.02950382      -3.50000000    
          12   7.07571173      -3.15000010    
          13   7.11493206      -2.79999995    
          14   7.14870453      -2.45000005    
          15   7.17768717      -2.09999990    
          16   7.20212555      -1.75000000    
          17   7.22209930      -1.39999998    
          18   7.23763084      -1.04999995    
          19   7.24872398     -0.699999988    
          20   7.25538158     -0.349999994    
          21   7.25759983       0.00000000    
   9.00000000              21
           1   0.00000000      -7.00000000    
           2   2.91383839      -6.65000010    
           3   4.73714972      -6.30000019    
           4   5.85141325      -5.94999981    
           5   6.51563215      -5.59999990    
           6   6.90174007      -5.25000000    
           7   7.12100410      -4.90000010    
           8   7.24341011      -4.55000019    
           9   7.31155109      -4.19999981    
          10   7.35039902      -3.84999990    
          11   7.37396812      -3.50000000    
          12   7.38973188      -3.15000010    
          13   7.40143347      -2.79999995    
          14   7.41081762      -2.45000005    
          15   7.41862202      -2.09999990    
          16   7.42513180      -1.75000000    
          17   7.43043423      -1.39999998    
          18   7.43455315      -1.04999995    
          19   7.43749666     -0.699999988    
          20   7.43926048     -0.349999994    
          21   7.43984985       0.00000000    
   10.0000000              21
           1   0.00000000      -7.00000000    
           2   3.00947380      -6.65000010    
           3   4.88491201      -6.30000019    
           4   6.02344179      -5.94999981    
           5   6.69469357      -5.59999990    
           6   7.07764816      -5.25000000    
           7   7.28814268      -4.90000010    
           8   7.39902878      -4.55000019    
           9   7.45465088      -4.19999981    
          10   7.48100281      -3.84999990    
          11   7.49267578      -3.50000000    
          12   7.49744606      -3.15000010    
          13   7.49921227      -2.79999995    
          14   7.49979305      -2.45000005    
          15   7.49995518      -2.09999990    
          16   7.49999285      -1.75000000    
          17   7.50000000      -1.39999998    
          18   7.50000000      -1.04999995    
          19   7.50000000     -0.699999988    
          20   7.50000000     -0.349999994    
          21   7.50000000       0.00000000    
   11.0000000              21
           1   0.00000000      -7.00000000    
           2   2.91383839      -6.65000010    
           3   4.73714972      -6.30000019    
           4   5.85141325      -5.94999981    
           5   6.51563215      -5.59999990    
           6   6.90174007      -5.25000000    
           7   7.12100410      -4.90000010    
           8   7.24341011      -4.55000019    
           9   7.31155109      -4.19999981    
          10   7.35039902      -3.84999990    
          11   7.37396812      -3.50000000    
          12   7.38973188      -3.15000010    
          13   7.40143347      -2.79999995    
          14   7.41081762      -2.45000005    
          15   7.41862202      -2.09999990    
          16   7.42513180      -1.75000000    
          17   7.43043423      -1.39999998    
          18   7.43455315      -1.04999995    
          19   7.43749666     -0.699999988    
          20   7.43926048     -0.349999994    
          21   7.43984985       0.00000000    
   12.0000000              21
           1   0.00000000      -7.00000000    
           2   2.64261746      -6.65000010    
           3   4.31760883      -6.30000019    
           4   5.36227036      -5.94999981    
           5   6.00561476      -5.59999990    
           6   6.39965725      -5.25000000    
           7   6.64278460      -4.90000010    
           8   6.79687214      -4.55000019    
           9   6.89958143      -4.19999981    
          10   6.97299576      -3.84999990    
          11   7.02950382      -3.50000000    
          12   7.07571173      -3.15000010    
          13   7.11493206      -2.79999995    
          14   7.14870453      -2.45000005    
          15   7.17768717      -2.09999990    
          16   7.20212555      -1.75000000    
          17   7.22209930      -1.39999998    
          18   7.23763084      -1.04999995    
          19   7.24872398     -0.699999988    
          20   7.25538158     -0.349999994    
          21   7.25759983       0.00000000    
   13.0000000              21
           1   0.00000000      -7.00000000    
           2   2.23970556      -6.65000010    
           3   3.69272566      -6.30000019    
           4   4.63138485      -5.94999981    
           5   5.24058437      -5.59999990    
           6   5.64306307      -5.25000000    
           7   5.91825151      -4.90000010    
           8   6.11611176      -4.55000019    
           9   6.26704931      -4.19999981    
          10   6.38889313      -3.84999990    
          11   6.49164581      -3.50000000    
          12   6.58064079      -3.15000010    
          13   6.65855408      -2.79999995    
          14   6.72662830      -2.45000005    
          15   6.78539371      -2.09999990    
          16   6.83504820      -1.75000000    
          17   6.87565994      -1.39999998    
          18   6.90724325      -1.04999995    
          19   6.92980194     -0.699999988    
          20   6.94333792     -0.349999994    
          21   6.94784975       0.00000000    
   14.0000000              21
           1   0.00000000      -7.00000000    
           2   1.76816845      -6.65000010    
           3   2.95789504      -6.30000019    
           4   3.76689768      -5.94999981    
           5   4.32941866      -5.59999990    
           6   4.73456717      -5.25000000    
           7   5.04001474      -4.90000010    
           8   5.28203392      -4.55000019    
           9   5.48269796      -4.19999981    
          10   5.65495348      -3.84999990    
          11   5.80606174      -3.50000000    
          12   5.93989658      -3.15000010    
          13   6.05839634      -2.79999995    
          14   6.16246986      -2.45000005    
          15   6.25249672      -2.09999990    
          16   6.32862282      -1.75000000    
          17   6.39089727      -1.39999998    
          18   6.43932867      -1.04999995    
          19   6.47392368     -0.699999988    
          20   6.49468040     -0.349999994    
          21   6.50160027       0.00000000    
   15.0000000              21
           1   0.00000000      -7.00000000    
           2   1.29670370      -6.65000010    
           3   2.21692491      -6.30000019    
           4   2.88631797      -5.94999981    
           5   3.39019489      -5.59999990    
           6   3.78518844      -5.25000000    
           7   4.10794783      -4.90000010    
           8   4.38152409      -4.55000019    
           9   4.61994743      -4.19999981    
          10   4.83144474      -3.84999990    
          11   5.02063227      -3.50000000    
          12   5.18996859      -3.15000010    
          13   5.34068823      -2.79999995    
          14   5.47336674      -2.45000005    
          15   5.58824682      -2.09999990    
          16   5.68542147      -1.75000000    
          17   5.76492167      -1.39999998    
          18   5.82675266      -1.04999995    
          19   5.87091732     -0.699999988    
          20   5.89741659     -0.349999994    
          21   5.90625000       0.00000000    
   16.0000000              21
           1   0.00000000      -7.00000000    
           2  0.883918643      -6.65000010    
           3   1.55814147      -6.30000019    
           4   2.08929443      -5.94999981    
           5   2.52261448      -5.59999990    
           6   2.88813019      -5.25000000    
           7   3.20527506      -4.90000010    
           8   3.48627305      -4.55000019    
           9   3.73855948      -4.19999981    
          10   3.96650267      -3.84999990    
          11   4.17254400      -3.50000000    
          12   4.35799217      -3.15000010    
          13   4.52349901      -2.79999995    
          14   4.66936922      -2.45000005    
          15   4.79573393      -2.09999990    
          16   4.90264225      -1.75000000    
          17   4.99010706      -1.39999998    
          18   5.05813503      -1.04999995    
          19   5.10672617     -0.699999988    
          20   5.13588142     -0.349999994    
          21   5.14559984       0.00000000    
   17.0000000              21
           1   0.00000000      -7.00000000    
           2  0.563611805      -6.65000010    
           3   1.03204167      -6.30000019    
           4   1.43215549      -5.94999981    
           5   1.78219509      -5.59999990    
           6   2.09426832      -5.25000000    
           7   2.37621164      -4.90000010    
           8   2.63295460      -4.55000019    
           9   2.86749601      -4.19999981    
          10   3.08159566      -3.84999990    
          11   3.27623987      -3.50000000    
          12   3.45195436      -3.15000010    
          13   3.60900307      -2.79999995    
          14   3.74750996      -2.45000005    
          15   3.86752510      -2.09999990    
          16   3.96907067      -1.75000000    
          17   4.05215073      -1.39999998    
          18   4.11676979      -1.04999995    
          19   4.16292477     -0.699999988    
          20   4.19061899     -0.349999994    
          21   4.19985008       0.00000000    
   18.0000000              21
           1   0.00000000      -7.00000000    
           2  0.335211456      -6.65000010    
           3  0.636777282      -6.30000019    
           4  0.911367416      -5.94999981    
           5   1.16351116      -5.59999990    
           6   1.39621484      -5.25000000    
           7   1.61142302      -4.90000010    
           8   1.81036055      -4.55000019    
           9   1.99377143      -4.19999981    
          10   2.16209269      -3.84999990    
          11   2.31556940      -3.50000000    
          12   2.45433164      -3.15000010    
          13   2.57844591      -2.79999995    
          14   2.68794155      -2.45000005    
          15   2.78283167      -2.09999990    
          16   2.86312199      -1.75000000    
          17   2.92881441      -1.39999998    
          18   2.97990751      -1.04999995    
          19   3.01640415     -0.699999988    
          20   3.03830099     -0.349999994    
          21   3.04559994       0.00000000    
   19.0000000              21
           1   0.00000000      -7.00000000    
           2  0.164414391      -6.65000010    
           3  0.319120646      -6.30000019    
           4  0.464635938      -5.94999981    
           5  0.601311922      -5.59999990    
           6  0.729382038      -5.25000000    
           7  0.848996997      -4.90000010    
           8  0.960251570      -4.55000019    
           9   1.06320381      -4.19999981    
          10   1.15788746      -3.84999990    
          11   1.24432182      -3.50000000    
          12   1.32251668      -3.15000010    
          13   1.39247715      -2.79999995    
          14   1.45420575      -2.45000005    
          15   1.50770402      -2.09999990    
          16   1.55297089      -1.75000000    
          17   1.59000742      -1.39999998    
          18   1.61881351      -1.04999995    
          19   1.63939047     -0.699999988    
          20   1.65173542     -0.349999994    
          21   1.65584993       0.00000000    
   20.0000000              21
           1   0.00000000      -7.00000000    
           2   0.00000000      -6.65000010    
           3   0.00000000      -6.30000019    
           4   0.00000000      -5.94999981    
           5   0.00000000      -5.59999990    
           6   0.00000000      -5.25000000    
           7   0.00000000      -4.90000010    
           8   0.00000000      -4.55000019    
           9   0.00000000      -4.19999981    
          10   0.00000000      -3.84999990    
          11   0.00000000      -3.50000000    
          12   0.00000000      -3.15000010    
          13   0.00000000      -2.79999995    
          14   0.00000000      -2.45000005    
          15   0.00000000      -2.09999990    
          16   0.00000000      -1.75000000    
          17   0.00000000      -1.39999998    
          18   0.00000000      -1.04999995    
          19   0.00000000     -0.699999988    
          20   0.00000000     -0.349999994    
          21   0.00000000       0.00000000    
