       we(nd)      a(3,5)       a(5,3)        a(2,6)    	   a(6,2)        a(2,4)         a(4,2)       a(4,6)        a(6,4)
      1.1043   -0.4365E-17   -0.4365E-17   -0.3492E-17   -0.3492E-17   -0.7146E-02   -0.7137E-02    0.3492E-19    0.0000E+00
      1.4250   -0.2401E-17   -0.2401E-17   -0.6984E-17   -0.6984E-17   -0.7900E-02   -0.7889E-02    0.3492E-19   -0.1746E-19
      1.7457   -0.2837E-17   -0.2837E-17    0.1746E-16    0.1746E-16   -0.8602E-02   -0.8590E-02   -0.3492E-19    0.8730E-19
      2.0664   -0.3274E-18   -0.3274E-18   -0.1397E-16   -0.1397E-16   -0.8754E-02   -0.8743E-02   -0.1746E-19    0.0000E+00
      2.3871   -0.1310E-17   -0.1310E-17    0.1397E-16    0.1397E-16   -0.7869E-02   -0.7863E-02   -0.8730E-19   -0.3492E-19
      2.7078   -0.1801E-17   -0.1801E-17    0.3492E-17    0.3492E-17   -0.6119E-02   -0.6119E-02    0.0000E+00   -0.1048E-18
      3.0285    0.1091E-18    0.1091E-18    0.6984E-17    0.6984E-17   -0.4243E-02   -0.4248E-02    0.0000E+00    0.0000E+00
      3.3492    0.2401E-17    0.2401E-17   -0.5238E-17   -0.5238E-17   -0.2725E-02   -0.2733E-02   -0.3492E-19   -0.1746E-19
      3.6699   -0.1910E-17   -0.1910E-17   -0.1746E-17   -0.1746E-17   -0.1617E-02   -0.1626E-02    0.1746E-19    0.1746E-19
      3.9906   -0.4365E-18   -0.4365E-18    0.1746E-17    0.1746E-17   -0.8292E-03   -0.8382E-03    0.1746E-19    0.0000E+00
      4.3114    0.1091E-18    0.1091E-18    0.5238E-17    0.5238E-17   -0.2699E-03   -0.2786E-03   -0.3492E-19   -0.8730E-20
      4.6321    0.1091E-18    0.1091E-18    0.1746E-17    0.1746E-17    0.1280E-03    0.1198E-03    0.2619E-19    0.0000E+00
      4.9528    0.2510E-17    0.2510E-17   -0.2619E-17   -0.2619E-17    0.4127E-03    0.4052E-03    0.0000E+00    0.1746E-19
      5.2735   -0.3383E-17   -0.3383E-17    0.1746E-17    0.1746E-17    0.6173E-03    0.6104E-03    0.0000E+00    0.4365E-19
      5.5942   -0.7093E-18   -0.7093E-18   -0.2183E-17   -0.2183E-17    0.7643E-03    0.7579E-03    0.0000E+00   -0.1746E-19
      5.9149   -0.2946E-17   -0.2946E-17   -0.4802E-17   -0.4802E-17    0.8688E-03    0.8626E-03    0.6984E-19    0.3492E-19
      6.2356   -0.1637E-18   -0.1637E-18   -0.8730E-18   -0.8730E-18    0.9411E-03    0.9350E-03    0.0000E+00   -0.1746E-19
      6.5563    0.9276E-18    0.9276E-18    0.4365E-18    0.4365E-18    0.9888E-03    0.9823E-03   -0.3492E-19    0.2619E-19
      6.8770   -0.2728E-17   -0.2728E-17    0.3492E-17    0.3492E-17    0.1022E-02    0.1012E-02    0.3492E-19   -0.1746E-19
      7.1977   -0.3983E-17   -0.3983E-17    0.1746E-17    0.1746E-17    0.1014E-02    0.1012E-02    0.1746E-19   -0.6984E-19
      7.5185   -0.2292E-17   -0.2292E-17   -0.8730E-18   -0.8730E-18    0.9971E-03    0.9814E-03    0.1746E-19   -0.1746E-19
      7.8392   -0.2674E-17   -0.2674E-17   -0.4365E-18   -0.4365E-18    0.1002E-02    0.9968E-03   -0.3492E-19    0.3492E-19
      8.1599    0.6057E-17    0.6057E-17    0.6984E-17    0.6984E-17    0.9901E-03    0.9857E-03    0.0000E+00    0.3492E-19
      8.4806    0.3383E-17    0.3383E-17   -0.1310E-17   -0.1310E-17    0.1020E-02    0.1004E-02    0.0000E+00   -0.6984E-19
      8.8013    0.3383E-17    0.3383E-17   -0.6984E-17   -0.6984E-17    0.9311E-03    0.9262E-03   -0.3492E-19    0.3492E-19
      9.1220    0.3601E-17    0.3601E-17    0.0000E+00    0.0000E+00    0.8945E-03    0.8892E-03    0.0000E+00   -0.3492E-19
      9.4427   -0.7312E-17   -0.7312E-17    0.3492E-17    0.3492E-17    0.8548E-03    0.8500E-03    0.3492E-19    0.3492E-19
      9.7634   -0.5566E-17   -0.5566E-17   -0.3492E-17   -0.3492E-17    0.8220E-03    0.8168E-03    0.0000E+00   -0.3492E-19
     10.0841    0.3710E-17    0.3710E-17   -0.1746E-17   -0.1746E-17    0.7633E-03    0.7580E-03    0.0000E+00    0.3492E-19
     10.4048   -0.1091E-18   -0.1091E-18   -0.2619E-17   -0.2619E-17    0.7239E-03    0.7180E-03   -0.1746E-19    0.3492E-19
     10.7256    0.4256E-17    0.4256E-17    0.2619E-17    0.2619E-17    0.6802E-03    0.6742E-03   -0.6984E-19   -0.3492E-19
     11.0463   -0.4365E-18   -0.4365E-18    0.1048E-16    0.1048E-16    0.6354E-03    0.6319E-03    0.0000E+00   -0.3492E-19
     11.3670    0.1528E-17    0.1528E-17   -0.1746E-17   -0.1746E-17    0.5927E-03    0.5865E-03    0.0000E+00    0.3492E-19
     11.6877   -0.9058E-17   -0.9058E-17    0.6111E-17    0.6111E-17    0.5582E-03    0.5517E-03    0.3492E-19    0.1746E-19
     12.0084   -0.3820E-17   -0.3820E-17    0.8730E-18    0.8730E-18    0.5192E-03    0.5159E-03   -0.1746E-19    0.0000E+00
     12.3291    0.0000E+00    0.0000E+00    0.1746E-17    0.1746E-17    0.4673E-03    0.4612E-03   -0.1746E-19    0.1746E-19
     12.6498    0.2401E-17    0.2401E-17    0.8730E-18    0.8730E-18    0.4335E-03    0.4268E-03   -0.3492E-19   -0.3492E-19
     12.9705    0.0000E+00    0.0000E+00   -0.6984E-17   -0.6984E-17    0.3719E-03    0.3705E-03    0.8730E-19    0.1746E-19
     13.2912    0.1528E-17    0.1528E-17    0.1746E-17    0.1746E-17    0.3598E-03    0.3540E-03   -0.1048E-18   -0.5238E-19
     13.6119    0.3274E-18    0.3274E-18    0.8730E-18    0.8730E-18    0.3013E-03    0.3006E-03    0.1746E-19   -0.1746E-19
     13.9327    0.6330E-17    0.6330E-17    0.1746E-17    0.1746E-17    0.2970E-03    0.2997E-03    0.0000E+00    0.1746E-19
     14.2534   -0.7639E-18   -0.7639E-18    0.0000E+00    0.0000E+00    0.2709E-03    0.2648E-03    0.0000E+00    0.1746E-19
     14.5741    0.3929E-17    0.3929E-17   -0.2619E-17   -0.2619E-17    0.1975E-03    0.2065E-03    0.0000E+00    0.1746E-19
     14.8948    0.1200E-17    0.1200E-17    0.8730E-18    0.8730E-18    0.1877E-03    0.2007E-03    0.0000E+00    0.0000E+00
     15.2155    0.7203E-17    0.7203E-17   -0.1746E-17   -0.1746E-17    0.1851E-03    0.1800E-03   -0.3492E-19    0.0000E+00
     15.5362    0.3820E-17    0.3820E-17    0.0000E+00    0.0000E+00    0.1419E-03    0.1510E-03    0.1746E-19    0.1746E-19
     15.8569   -0.1855E-17   -0.1855E-17   -0.2619E-17   -0.2619E-17    0.1177E-03    0.1142E-03    0.0000E+00   -0.6984E-19
     16.1776   -0.4256E-17   -0.4256E-17   -0.1746E-17   -0.1746E-17    0.6547E-04    0.6998E-04   -0.1746E-19    0.0000E+00
     16.4983   -0.8730E-18   -0.8730E-18    0.1746E-17    0.1746E-17    0.9260E-04    0.8578E-04    0.3492E-19    0.0000E+00
     16.8190   -0.3056E-17   -0.3056E-17   -0.2619E-17   -0.2619E-17    0.3566E-04    0.3914E-04   -0.1746E-19   -0.1746E-19
