          non-dimensional exciting forces
     (non-dimensional amplitudes and phases in deg.)
  
  
 speed =   10.000000000000000      knots Fn=  0.16426877760354594       heading =   180.00000000000000      deg.
  
  we    w0    period  l/L        surge                sway           heave              roll               pitch            yaw
  
 9.150 5.016  4.00  0.25     0.2477  -55.6     0.0766 -133.1     0.1471  179.5     0.0014  108.1     0.0473   91.4     0.0027   22.9
 7.725 4.459  4.50  0.32     0.3464  112.6     0.0682   23.4     0.0574    7.1     0.0007  -66.8     0.1105  -84.8     0.0177  -76.7
 6.658 4.013  5.00  0.39     0.0444  175.8     0.0190  -13.9     0.1562    7.1     0.0001  -79.7     0.1591   94.6     0.0463   96.8
 5.834 3.648  5.50  0.47     0.5131  -68.3     0.1032 -177.8     0.8020 -171.1     0.0003  -10.6     0.4323   96.1     0.0174   78.2
 5.181 3.344  6.00  0.56     0.4120  -58.0     0.0954  176.4     1.8760 -173.1     0.0005  -28.2     0.2626  103.2     0.0427  -86.0
 4.652 3.087  6.50  0.66     0.2152   78.6     0.0114  127.1     1.8857 -165.8     0.0001  -84.0     0.2128  -88.8     0.0664  -89.2
 4.216 2.866  7.00  0.76     0.8955  101.9     0.0782    8.8     1.1783 -158.6     0.0007  168.2     0.7742  -82.4     0.0533  -90.1
 3.851 2.675  7.50  0.88     1.4901  104.5     0.1249    7.4     0.3194  -48.7     0.0012  168.6     1.2668  -80.9     0.0242  -95.0
 3.541 2.508  8.00  1.00     1.9123  105.2     0.1365    8.2     1.7678    1.8     0.0014  170.9     1.6326  -80.2     0.0077  135.5
 3.276 2.361  8.50  1.13     2.1698  105.2     0.1252    9.2     3.3734    6.6     0.0013  173.3     1.8717  -79.9     0.0298  108.5
 3.046 2.229  9.00  1.26     2.2976  104.8     0.1029   10.1     4.8955    8.4     0.0011  175.3     2.0068  -80.0     0.0452  107.1
 2.845 2.112  9.50  1.41     2.3314  104.2     0.0768   10.4     6.2612    9.3     0.0009  176.7     2.0630  -80.2     0.0537  107.7
 2.668 2.006 10.00  1.56     2.3048  103.5     0.0518    9.4     7.4696    9.7     0.0006  176.5     2.0665  -80.6     0.0574  108.7
 2.511 1.911 10.50  1.72     2.2385  102.7     0.0299    5.1     8.5105    9.9     0.0003  172.9     2.0335  -81.2     0.0573  109.9
 2.371 1.824 11.00  1.89     2.1505  101.8     0.0125  -14.3     9.4157    9.9     0.0001  153.6     1.9788  -81.8     0.0553  111.1
 2.245 1.745 11.50  2.06     2.0499  100.9     0.0086 -103.1    10.1840    9.7     0.0001   64.2     1.9105  -82.5     0.0518  112.2
 2.131 1.672 12.00  2.25     1.9452   99.9     0.0183 -134.6    10.8522    9.5     0.0002   34.6     1.8357  -83.3     0.0478  113.3
 2.028 1.605 12.50  2.44     1.8404   99.0     0.0271 -141.1    11.4289    9.3     0.0003   28.8     1.7584  -84.0     0.0435  114.3
 1.935 1.543 13.00  2.64     1.7383   97.9     0.0339 -143.1    11.9247    9.0     0.0004   27.2     1.6814  -84.8     0.0392  115.1
 1.849 1.486 13.50  2.84     1.6406   97.0     0.0390 -143.8    12.3594    8.7     0.0005   27.0     1.6062  -85.6     0.0351  115.9
 1.771 1.433 14.00  3.06     1.5480   96.0     0.0428 -143.8    12.7422    8.5     0.0005   27.4     1.5339  -86.4     0.0314  116.6
 1.698 1.384 14.50  3.28     1.4613   95.0     0.0454 -143.6    13.0771    8.1     0.0006   27.9     1.4653  -87.2     0.0278  117.2
 1.632 1.338 15.00  3.51     1.3804   93.9     0.0470 -143.2    13.3730    7.8     0.0006   28.6     1.4005  -88.0     0.0246  117.6
 1.570 1.295 15.50  3.75     1.3049   92.9     0.0479 -142.7    13.6370    7.5     0.0006   29.4     1.3394  -88.7     0.0216  118.0
 1.512 1.254 16.00  4.00     1.2346   91.9     0.0484 -142.1    13.8735    7.2     0.0006   30.2     1.2821  -89.5     0.0191  118.3
 1.459 1.216 16.50  4.25     1.1693   90.9     0.0485 -141.5    14.0863    7.0     0.0006   31.0     1.2284  -90.2     0.0168  118.4
 1.409 1.180 17.00  4.51     1.1088   89.9     0.0483 -141.0    14.2788    6.7     0.0006   31.8     1.1781  -90.9     0.0147  118.5
 1.363 1.147 17.50  4.78     1.0532   88.8     0.0476 -140.5    14.4539    6.4     0.0006   32.5     1.1312  -91.6     0.0128  118.3
 1.319 1.115 18.00  5.06     1.0015   87.8     0.0468 -139.9    14.6132    6.2     0.0006   33.2     1.0873  -92.3     0.0111  118.0
 1.278 1.085 18.50  5.34     0.9534   86.7     0.0459 -139.4    14.7588    5.9     0.0006   33.9     1.0462  -92.9     0.0096  117.5
 1.239 1.056 19.00  5.63     0.9087   85.7     0.0450 -138.9    14.8922    5.7     0.0006   34.6     1.0077  -93.5     0.0082  116.7
 1.203 1.029 19.50  5.93     0.8672   84.6     0.0440 -138.4    15.0147    5.5     0.0006   35.3     0.9717  -94.1     0.0071  115.8
 1.169 1.003 20.00  6.24     0.8285   83.6     0.0430 -137.8    15.1276    5.3     0.0006   36.0     0.9379  -94.7     0.0060  114.4
