       we(nd)      a(1,1)       a(2,2)        a(3,3)    	   a(4,4)        a(5,5)         a(6,6)
      1.1043    0.5468E-01    0.1644E+01    0.1223E+01    0.1839E-03    0.4765E-01    0.1124E+00
      1.4250    0.4257E-01    0.1773E+01    0.9567E+00    0.1907E-03    0.3684E-01    0.1202E+00
      1.7457    0.3353E-01    0.1903E+01    0.7770E+00    0.1970E-03    0.2929E-01    0.1291E+00
      2.0664    0.2655E-01    0.1957E+01    0.6569E+00    0.1985E-03    0.2400E-01    0.1360E+00
      2.3871    0.2108E-01    0.1847E+01    0.5803E+00    0.1910E-03    0.2036E-01    0.1356E+00
      2.7078    0.1677E-01    0.1559E+01    0.5363E+00    0.1752E-03    0.1799E-01    0.1230E+00
      3.0285    0.1340E-01    0.1188E+01    0.5170E+00    0.1572E-03    0.1658E-01    0.9947E-01
      3.3492    0.1084E-01    0.8458E+00    0.5158E+00    0.1423E-03    0.1592E-01    0.7313E-01
      3.6699    0.8954E-02    0.5894E+00    0.5271E+00    0.1319E-03    0.1583E-01    0.5150E-01
      3.9906    0.7644E-02    0.4197E+00    0.5462E+00    0.1253E-03    0.1613E-01    0.3671E-01
      4.3114    0.6812E-02    0.3152E+00    0.5692E+00    0.1211E-03    0.1670E-01    0.2751E-01
      4.6321    0.6369E-02    0.2542E+00    0.5922E+00    0.1185E-03    0.1743E-01    0.2211E-01
      4.9528    0.6228E-02    0.2213E+00    0.6074E+00    0.1169E-03    0.1819E-01    0.1912E-01
      5.2735    0.6309E-02    0.2066E+00    0.6632E+00    0.1157E-03    0.1895E-01    0.1766E-01
      5.5942    0.6609E-02    0.2037E+00    0.6842E+00    0.1149E-03    0.2023E-01    0.1717E-01
      5.9149    0.6986E-02    0.2084E+00    0.6984E+00    0.1142E-03    0.2099E-01    0.1730E-01
      6.2356    0.7376E-02    0.2180E+00    0.7136E+00    0.1136E-03    0.2171E-01    0.1784E-01
      6.5563    0.7979E-02    0.2307E+00    0.7271E+00    0.1132E-03    0.2231E-01    0.1864E-01
      6.8770    0.8445E-02    0.2449E+00    0.7397E+00    0.1127E-03    0.2290E-01    0.1960E-01
      7.1977    0.9027E-02    0.2618E+00    0.7507E+00    0.1125E-03    0.2343E-01    0.2065E-01
      7.5185    0.9573E-02    0.2780E+00    0.7604E+00    0.1126E-03    0.2390E-01    0.2176E-01
      7.8392    0.9720E-02    0.2934E+00    0.7687E+00    0.1119E-03    0.2429E-01    0.2284E-01
      8.1599    0.1058E-01    0.3084E+00    0.7762E+00    0.1115E-03    0.2469E-01    0.2390E-01
      8.4806    0.1105E-01    0.3206E+00    0.7827E+00    0.1107E-03    0.2501E-01    0.2469E-01
      8.8013    0.1150E-01    0.3376E+00    0.7884E+00    0.1112E-03    0.2530E-01    0.2595E-01
      9.1220    0.1191E-01    0.3510E+00    0.7934E+00    0.1111E-03    0.2556E-01    0.2690E-01
      9.4427    0.1230E-01    0.3641E+00    0.7979E+00    0.1110E-03    0.2579E-01    0.2785E-01
      9.7634    0.1266E-01    0.3751E+00    0.8019E+00    0.1109E-03    0.2599E-01    0.2867E-01
     10.0841    0.1299E-01    0.3877E+00    0.8054E+00    0.1111E-03    0.2618E-01    0.2946E-01
     10.4048    0.1326E-01    0.3977E+00    0.8087E+00    0.1112E-03    0.2634E-01    0.3020E-01
     10.7256    0.1366E-01    0.4074E+00    0.8115E+00    0.1113E-03    0.2649E-01    0.3087E-01
     11.0463    0.1390E-01    0.4169E+00    0.8141E+00    0.1114E-03    0.2662E-01    0.3170E-01
     11.3670    0.1411E-01    0.4251E+00    0.8163E+00    0.1117E-03    0.2673E-01    0.3222E-01
     11.6877    0.1438E-01    0.4324E+00    0.8185E+00    0.1117E-03    0.2685E-01    0.3274E-01
     12.0084    0.1459E-01    0.4395E+00    0.8204E+00    0.1119E-03    0.2695E-01    0.3332E-01
     12.3291    0.1477E-01    0.4473E+00    0.8222E+00    0.1123E-03    0.2704E-01    0.3377E-01
     12.6498    0.1497E-01    0.4533E+00    0.8238E+00    0.1125E-03    0.2712E-01    0.3421E-01
     12.9705    0.1513E-01    0.4607E+00    0.8253E+00    0.1131E-03    0.2719E-01    0.3469E-01
     13.2912    0.1538E-01    0.4648E+00    0.8269E+00    0.1130E-03    0.2729E-01    0.3510E-01
     13.6119    0.1547E-01    0.4713E+00    0.8279E+00    0.1136E-03    0.2733E-01    0.3553E-01
     13.9327    0.1559E-01    0.4745E+00    0.8291E+00    0.1133E-03    0.2739E-01    0.3574E-01
     14.2534    0.1572E-01    0.4787E+00    0.8302E+00    0.1136E-03    0.2744E-01    0.3603E-01
     14.5741    0.1583E-01    0.4854E+00    0.8312E+00    0.1143E-03    0.2749E-01    0.3655E-01
     14.8948    0.1597E-01    0.4886E+00    0.8321E+00    0.1141E-03    0.2754E-01    0.3708E-01
     15.2155    0.1606E-01    0.4906E+00    0.8330E+00    0.1143E-03    0.2758E-01    0.3699E-01
     15.5362    0.1616E-01    0.4952E+00    0.8338E+00    0.1145E-03    0.2762E-01    0.3740E-01
     15.8569    0.1629E-01    0.4983E+00    0.8346E+00    0.1150E-03    0.2767E-01    0.3749E-01
     16.1776    0.1634E-01    0.5030E+00    0.8353E+00    0.1155E-03    0.2770E-01    0.3785E-01
     16.4983    0.1642E-01    0.5030E+00    0.8359E+00    0.1151E-03    0.2773E-01    0.3788E-01
     16.8190    0.1649E-01    0.5077E+00    0.8366E+00    0.1158E-03    0.2776E-01    0.3825E-01
