          non-dimensional motion amplitudes
     (non-dimensional RAOs and phases in deg.)
  
  
 speed =   10.000000000000000      knots Fn=  0.16426877760354594       heading =   180.00000000000000      deg.
  
  we    w0    period  l/L        surge                sway           heave              roll               pitch            yaw
  
 9.150 5.016  4.00  0.25     0.0028  127.6     0.0008   58.5     0.0012   -0.6     0.0003  -93.0     0.0003  -94.7     0.0000 -160.4
 7.725 4.459  4.50  0.32     0.0050  -63.8     0.0009 -141.1     0.0009 -173.6     0.0004   71.3     0.0012   94.1     0.0002  113.2
 6.658 4.013  5.00  0.39     0.0021  -60.5     0.0005 -179.4     0.0019 -171.0     0.0002   13.6     0.0035  -83.7     0.0007  -67.5
 5.834 3.648  5.50  0.47     0.0091  129.2     0.0025   29.1     0.0238   10.6     0.0013 -144.0     0.0169  -81.2     0.0004  -76.7
 5.181 3.344  6.00  0.56     0.0101  142.3     0.0031   25.6     0.0752   11.6     0.0020 -154.6     0.0204  -72.9     0.0015  122.1
 4.652 3.087  6.50  0.66     0.0043  -99.3     0.0010   -5.3     0.1061   23.7     0.0008  171.6     0.0199   99.1     0.0030  125.7
 4.216 2.866  7.00  0.76     0.0134  -34.2     0.0024 -120.2     0.0614   49.9     0.0024   47.7     0.1652  116.1     0.0029  128.9
 3.851 2.675  7.50  0.88     0.0293  102.1     0.0045 -127.7     0.2625 -134.0     0.0058   38.0     0.5645  135.6     0.0014  126.4
 3.541 2.508  8.00  1.00     0.1788  172.4     0.0056 -130.3     1.0006  -73.7     0.0090   34.1     1.3018  177.0     0.0009  -29.6
 3.276 2.361  8.50  1.13     0.3131 -142.3     0.0059 -132.8     1.0746  -26.3     0.0116   31.5     1.5177 -142.9     0.0032  -40.9
 3.046 2.229  9.00  1.26     0.3776 -120.0     0.0056 -136.0     0.9203  -12.8     0.0135   29.5     1.4374 -121.2     0.0056  -44.3
 2.845 2.112  9.50  1.41     0.4180 -108.4     0.0051 -140.2     0.8817  -10.0     0.0145   27.6     1.3422 -109.2     0.0078  -47.3
 2.668 2.006 10.00  1.56     0.4481 -101.8     0.0045 -144.7     0.8874   -8.6     0.0145   25.7     1.2678 -101.9     0.0100  -49.8
 2.511 1.911 10.50  1.72     0.4738  -97.7     0.0038 -149.9     0.9044   -7.5     0.0135   23.2     1.2159  -97.1     0.0121  -51.9
 2.371 1.824 11.00  1.89     0.4951  -95.0     0.0031 -156.2     0.9210   -6.6     0.0112   18.8     1.1758  -93.7     0.0141  -53.9
 2.245 1.745 11.50  2.06     0.5143  -93.2     0.0024 -164.6     0.9371   -5.7     0.0076    8.0     1.1463  -91.1     0.0159  -55.0
 2.131 1.672 12.00  2.25     0.5302  -92.0     0.0017 -179.2     0.9495   -5.0     0.0040  -43.5     1.1213  -89.2     0.0176  -56.2
 2.028 1.605 12.50  2.44     0.5442  -91.2     0.0012  151.3     0.9599   -4.4     0.0092 -113.7     1.1006  -87.6     0.0190  -57.1
 1.935 1.543 13.00  2.64     0.5567  -90.6     0.0012  106.6     0.9692   -3.9     0.0211 -127.3     1.0830  -86.2     0.0201  -57.5
 1.849 1.486 13.50  2.84     0.5673  -90.4     0.0018   78.2     0.9760   -3.4     0.0388 -130.9     1.0674  -85.2     0.0210  -58.1
 1.771 1.433 14.00  3.06     0.5764  -90.3     0.0027   64.9     0.9810   -3.0     0.0654 -131.6     1.0537  -84.3     0.0216  -58.9
 1.698 1.384 14.50  3.28     0.5850  -90.3     0.0038   59.2     0.9860   -2.7     0.1064 -129.8     1.0413  -83.5     0.0217  -59.6
 1.632 1.338 15.00  3.51     0.5927  -90.5     0.0050   57.3     0.9904   -2.4     0.1751 -125.6     1.0298  -82.8     0.0214  -60.6
 1.570 1.295 15.50  3.75     0.5994  -90.7     0.0067   59.1     0.9934   -2.2     0.3054 -117.0     1.0195  -82.2     0.0204  -63.4
 1.512 1.254 16.00  4.00     0.6056  -91.1     0.0090   69.3     0.9955   -2.0     0.5906  -96.7     1.0104  -81.7     0.0196  -72.4
 1.459 1.216 16.50  4.25     0.6111  -91.5     0.0089   99.1     0.9969   -1.8     0.9400  -46.3     1.0024  -81.3     0.0252  -80.1
 1.409 1.180 17.00  4.51     0.6164  -91.9     0.0047   94.9     0.9983   -1.6     0.7039   -2.8     0.9949  -80.9     0.0266  -69.4
 1.363 1.147 17.50  4.78     0.6216  -92.5     0.0047   66.4     1.0004   -1.5     0.4995   13.9     0.9868  -80.5     0.0241  -66.0
 1.319 1.115 18.00  5.06     0.6264  -93.0     0.0058   55.7     1.0018   -1.3     0.3971   21.5     0.9794  -80.1     0.0218  -66.0
 1.278 1.085 18.50  5.34     0.6310  -93.6     0.0069   51.8     1.0028   -1.2     0.3399   26.0     0.9729  -79.8     0.0196  -67.4
 1.239 1.056 19.00  5.63     0.6354  -94.3     0.0079   50.0     1.0033   -1.1     0.3044   29.0     0.9672  -79.6     0.0173  -70.2
 1.203 1.029 19.50  5.93     0.6397  -95.0     0.0088   49.2     1.0036   -1.0     0.2808   31.1     0.9623  -79.3     0.0149  -74.7
 1.169 1.003 20.00  6.24     0.6439  -95.7     0.0097   48.7     1.0037   -0.9     0.2645   32.8     0.9581  -79.1     0.0126  -81.8
