       we(nd)      b(3,5)       b(5,3)        b(2,6)    	   b(6,2)        b(2,4)         b(4,2)       b(4,6)        b(6,4)
      1.1043   -0.9061E-17   -0.9061E-17   -0.4792E-18   -0.4792E-18   -0.3774E-03   -0.3762E-03    0.8712E-21    0.1742E-20
      1.4250    0.2196E-16    0.2196E-16    0.3136E-17    0.3136E-17   -0.1388E-02   -0.1384E-02   -0.3485E-20    0.6970E-20
      1.7457    0.3485E-17    0.3485E-17   -0.2788E-17   -0.2788E-17   -0.3846E-02   -0.3835E-02   -0.6970E-20   -0.6970E-20
      2.0664   -0.2474E-16   -0.2474E-16    0.1533E-16    0.1533E-16   -0.8389E-02   -0.8365E-02    0.0000E+00    0.3485E-19
      2.3871   -0.7667E-17   -0.7667E-17   -0.4461E-16   -0.4461E-16   -0.1441E-01   -0.1438E-01   -0.1394E-18   -0.1394E-19
      2.7078   -0.8364E-17   -0.8364E-17   -0.5576E-16   -0.5576E-16   -0.1984E-01   -0.1980E-01   -0.1115E-18   -0.5576E-19
      3.0285    0.8712E-17    0.8712E-17    0.4461E-16    0.4461E-16   -0.2320E-01   -0.2316E-01    0.1394E-18    0.5576E-19
      3.3492    0.2439E-17    0.2439E-17   -0.5576E-16   -0.5576E-16   -0.2472E-01   -0.2468E-01    0.1673E-18    0.2230E-18
      3.6699    0.3485E-17    0.3485E-17    0.2230E-16    0.2230E-16   -0.2513E-01   -0.2510E-01    0.0000E+00   -0.8364E-19
      3.9906   -0.1394E-17   -0.1394E-17    0.0000E+00    0.0000E+00   -0.2494E-01   -0.2492E-01    0.0000E+00    0.2230E-18
      4.3114   -0.4008E-17   -0.4008E-17    0.1896E-15    0.1896E-15   -0.2442E-01   -0.2441E-01   -0.1115E-18    0.8364E-19
      4.6321    0.4530E-17    0.4530E-17    0.2230E-16    0.2230E-16   -0.2373E-01   -0.2372E-01    0.1115E-18    0.5576E-19
      4.9528   -0.1742E-17   -0.1742E-17   -0.1004E-15   -0.1004E-15   -0.2294E-01   -0.2294E-01    0.2718E-18   -0.2091E-18
      5.2735   -0.4530E-17   -0.4530E-17   -0.2230E-16   -0.2230E-16   -0.2211E-01   -0.2211E-01   -0.1742E-18    0.2370E-18
      5.5942   -0.2091E-17   -0.2091E-17   -0.5576E-16   -0.5576E-16   -0.2126E-01   -0.2126E-01    0.9671E-19   -0.2439E-19
      5.9149    0.1133E-17    0.1133E-17    0.5576E-17    0.5576E-17   -0.2039E-01   -0.2039E-01   -0.6273E-19   -0.2788E-18
      6.2356   -0.2091E-17   -0.2091E-17    0.0000E+00    0.0000E+00   -0.1950E-01   -0.1951E-01    0.2091E-19   -0.1812E-18
      6.5563   -0.6970E-18   -0.6970E-18    0.2230E-16    0.2230E-16   -0.1861E-01   -0.1862E-01   -0.1394E-19    0.3485E-18
      6.8770   -0.1133E-17   -0.1133E-17    0.5576E-17    0.5576E-17   -0.1767E-01   -0.1769E-01    0.2788E-19   -0.4182E-19
      7.1977    0.0000E+00    0.0000E+00    0.1394E-16    0.1394E-16   -0.1684E-01   -0.1690E-01   -0.2230E-18    0.0000E+00
      7.5185   -0.3485E-18   -0.3485E-18    0.5576E-17    0.5576E-17   -0.1535E-01   -0.1574E-01   -0.1255E-18   -0.1394E-18
      7.8392    0.1742E-18    0.1742E-18    0.0000E+00    0.0000E+00   -0.1511E-01   -0.1518E-01   -0.2788E-19    0.2788E-19
      8.1599    0.6752E-18    0.6752E-18   -0.2230E-16   -0.2230E-16   -0.1439E-01   -0.1440E-01   -0.8364E-19    0.2370E-18
      8.4806    0.3921E-18    0.3921E-18   -0.5576E-17   -0.5576E-17   -0.1426E-01   -0.1365E-01    0.4461E-18    0.1394E-18
      8.8013   -0.3049E-18   -0.3049E-18   -0.5576E-17   -0.5576E-17   -0.1281E-01   -0.1281E-01    0.2788E-19    0.1673E-18
      9.1220   -0.7732E-18   -0.7732E-18    0.6970E-17    0.6970E-17   -0.1202E-01   -0.1207E-01   -0.1115E-18   -0.1952E-18
      9.4427    0.2832E-18    0.2832E-18    0.8364E-17    0.8364E-17   -0.1142E-01   -0.1133E-01    0.6970E-19    0.2509E-18
      9.7634    0.1906E-18    0.1906E-18    0.2788E-17    0.2788E-17   -0.1056E-01   -0.1065E-01   -0.1115E-18    0.1255E-18
     10.0841    0.3049E-18    0.3049E-18    0.0000E+00    0.0000E+00   -0.1006E-01   -0.1003E-01   -0.5576E-19   -0.2927E-18
     10.4048    0.9665E-19    0.9665E-19    0.4182E-17    0.4182E-17   -0.9418E-02   -0.9427E-02   -0.1394E-19    0.3067E-18
     10.7256   -0.9257E-19   -0.9257E-19   -0.1394E-17   -0.1394E-17   -0.8845E-02   -0.8889E-02   -0.9758E-19   -0.1812E-18
     11.0463   -0.5445E-20   -0.5445E-20   -0.2788E-17   -0.2788E-17   -0.8311E-02   -0.8196E-02   -0.9758E-19    0.0000E+00
     11.3670    0.3267E-19    0.3267E-19    0.2788E-17    0.2788E-17   -0.7859E-02   -0.7814E-02    0.1394E-19   -0.2788E-19
     11.6877   -0.4901E-19   -0.4901E-19   -0.6970E-18   -0.6970E-18   -0.7286E-02   -0.7318E-02   -0.1394E-19    0.2788E-19
     12.0084   -0.4901E-19   -0.4901E-19    0.2788E-17    0.2788E-17   -0.6746E-02   -0.6844E-02    0.1255E-18   -0.4182E-19
     12.3291   -0.5445E-20   -0.5445E-20    0.6970E-18    0.6970E-18   -0.6572E-02   -0.6503E-02    0.2788E-19   -0.8364E-19
     12.6498   -0.2042E-19   -0.2042E-19   -0.2788E-17   -0.2788E-17   -0.6150E-02   -0.6126E-02   -0.6970E-20   -0.6970E-20
     12.9705   -0.4084E-19   -0.4084E-19    0.0000E+00    0.0000E+00   -0.5882E-02   -0.5791E-02    0.6273E-19    0.0000E+00
     13.2912    0.0000E+00    0.0000E+00    0.0000E+00    0.0000E+00   -0.5482E-02   -0.5429E-02   -0.2788E-19    0.0000E+00
     13.6119    0.2042E-19    0.2042E-19    0.1394E-17    0.1394E-17   -0.5251E-02   -0.5145E-02    0.0000E+00   -0.4182E-19
     13.9327   -0.3335E-19   -0.3335E-19   -0.1394E-17   -0.1394E-17   -0.4467E-02   -0.4605E-02   -0.6970E-19   -0.6970E-20
     14.2534   -0.1089E-19   -0.1089E-19   -0.1394E-17   -0.1394E-17   -0.4487E-02   -0.4533E-02   -0.6970E-19    0.2788E-19
     14.5741   -0.1497E-19   -0.1497E-19    0.6970E-18    0.6970E-18   -0.4226E-02   -0.4192E-02   -0.1742E-19   -0.2788E-19
     14.8948   -0.6126E-20   -0.6126E-20   -0.6970E-18   -0.6970E-18   -0.3844E-02   -0.3676E-02   -0.2091E-19    0.3485E-19
     15.2155   -0.3744E-20   -0.3744E-20   -0.4182E-17   -0.4182E-17   -0.3799E-02   -0.3791E-02   -0.6970E-20   -0.6970E-20
     15.5362    0.1395E-19    0.1395E-19    0.3833E-17    0.3833E-17   -0.3278E-02   -0.3252E-02    0.1394E-19   -0.1394E-19
     15.8569   -0.2621E-19   -0.2621E-19    0.0000E+00    0.0000E+00   -0.3666E-02   -0.3487E-02    0.1394E-19    0.2788E-19
     16.1776    0.7487E-20    0.7487E-20   -0.1742E-17   -0.1742E-17   -0.3541E-02   -0.3249E-02    0.6970E-20   -0.1394E-19
     16.4983   -0.6807E-21   -0.6807E-21   -0.3485E-18   -0.3485E-18   -0.3084E-02   -0.3057E-02    0.3485E-19   -0.6970E-20
     16.8190    0.2552E-21    0.2552E-21   -0.1394E-17   -0.1394E-17   -0.2958E-02   -0.2848E-02    0.6970E-20   -0.5576E-19
