       we(nd)      b(1,1)       b(2,2)        b(3,3)    	   b(4,4)        b(5,5)         b(6,6)
      1.1043    0.7091E-01    0.5912E-01    0.1528E+01    0.3495E-05    0.6148E-01    0.2828E-02
      1.4250    0.8434E-01    0.2184E+00    0.1704E+01    0.1271E-04    0.6998E-01    0.1050E-01
      1.7457    0.9483E-01    0.6121E+00    0.1779E+01    0.3489E-04    0.7474E-01    0.3001E-01
      2.0664    0.1026E+00    0.1367E+01    0.1771E+01    0.7578E-04    0.7628E-01    0.7024E-01
      2.3871    0.1078E+00    0.2450E+01    0.1694E+01    0.1308E-03    0.7512E-01    0.1366E+00
      2.7078    0.1105E+00    0.3560E+01    0.1566E+01    0.1823E-03    0.7177E-01    0.2201E+00
      3.0285    0.1111E+00    0.4352E+01    0.1404E+01    0.2148E-03    0.6679E-01    0.2947E+00
      3.3492    0.1097E+00    0.4696E+01    0.1224E+01    0.2272E-03    0.6070E-01    0.3371E+00
      3.6699    0.1066E+00    0.4684E+01    0.1041E+01    0.2267E-03    0.5400E-01    0.3458E+00
      3.9906    0.1022E+00    0.4471E+01    0.8655E+00    0.2205E-03    0.4713E-01    0.3337E+00
      4.3114    0.9670E-01    0.4172E+01    0.7043E+00    0.2128E-03    0.4043E-01    0.3124E+00
      4.6321    0.9055E-01    0.3848E+01    0.5591E+00    0.2054E-03    0.3412E-01    0.2883E+00
      4.9528    0.8386E-01    0.3528E+01    0.4163E+00    0.1991E-03    0.2823E-01    0.2642E+00
      5.2735    0.7691E-01    0.3222E+01    0.4001E+00    0.1937E-03    0.2282E-01    0.2413E+00
      5.5942    0.7240E-01    0.2935E+01    0.3430E+00    0.1892E-03    0.2067E-01    0.2200E+00
      5.9149    0.6617E-01    0.2669E+01    0.2613E+00    0.1853E-03    0.1711E-01    0.2003E+00
      6.2356    0.6080E-01    0.2423E+01    0.2107E+00    0.1819E-03    0.1480E-01    0.1821E+00
      6.5563    0.5448E-01    0.2197E+01    0.1554E+00    0.1785E-03    0.1111E-01    0.1655E+00
      6.8770    0.4988E-01    0.1983E+01    0.1254E+00    0.1750E-03    0.9450E-02    0.1502E+00
      7.1977    0.4496E-01    0.1808E+01    0.9729E-01    0.1720E-03    0.7451E-02    0.1363E+00
      7.5185    0.4064E-01    0.1587E+01    0.7667E-01    0.1653E-03    0.5985E-02    0.1216E+00
      7.8392    0.3996E-01    0.1483E+01    0.7134E-01    0.1649E-03    0.6515E-02    0.1121E+00
      8.1599    0.3356E-01    0.1355E+01    0.4910E-01    0.1612E-03    0.4012E-02    0.1024E+00
      8.4806    0.3038E-01    0.1291E+01    0.3930E-01    0.1564E-03    0.3251E-02    0.9866E-01
      8.8013    0.2755E-01    0.1119E+01    0.3139E-01    0.1523E-03    0.2642E-02    0.8489E-01
      9.1220    0.2499E-01    0.1015E+01    0.2510E-01    0.1475E-03    0.2142E-02    0.7704E-01
      9.4427    0.2281E-01    0.9334E+00    0.2076E-01    0.1423E-03    0.1766E-02    0.7149E-01
      9.7634    0.2086E-01    0.8382E+00    0.1743E-01    0.1371E-03    0.1480E-02    0.6458E-01
     10.0841    0.1884E-01    0.7792E+00    0.1386E-01    0.1322E-03    0.1186E-02    0.5897E-01
     10.4048    0.1658E-01    0.7106E+00    0.1207E-01    0.1271E-03    0.1021E-02    0.5387E-01
     10.7256    0.1648E-01    0.6512E+00    0.9768E-02    0.1224E-03    0.8675E-03    0.4911E-01
     11.0463    0.1488E-01    0.6001E+00    0.8026E-02    0.1152E-03    0.6964E-03    0.4661E-01
     11.3670    0.1301E-01    0.5548E+00    0.5081E-02    0.1119E-03    0.4267E-03    0.4253E-01
     11.6877    0.1265E-01    0.5054E+00    0.5634E-02    0.1065E-03    0.5120E-03    0.3880E-01
     12.0084    0.1168E-01    0.4575E+00    0.4924E-02    0.1014E-03    0.4299E-03    0.3641E-01
     12.3291    0.1058E-01    0.4414E+00    0.3454E-02    0.9762E-04    0.3195E-03    0.3329E-01
     12.6498    0.9944E-02    0.4067E+00    0.3516E-02    0.9323E-04    0.3058E-03    0.3068E-01
     12.9705    0.9061E-02    0.3821E+00    0.2691E-02    0.8947E-04    0.2365E-03    0.2840E-01
     13.2912    0.6820E-02    0.3527E+00    0.6136E-03    0.8476E-04    0.2341E-04    0.2709E-01
     13.6119    0.8303E-02    0.3323E+00    0.2498E-02    0.8141E-04    0.2243E-03    0.2531E-01
     13.9327    0.7350E-02    0.2799E+00    0.1344E-02    0.7360E-04    0.1495E-03    0.2261E-01
     14.2534    0.6957E-02    0.2800E+00    0.1573E-02    0.7285E-04    0.1375E-03    0.2040E-01
     14.5741    0.6080E-02    0.2590E+00    0.6980E-03    0.6814E-04    0.6369E-04    0.1782E-01
     14.8948    0.6286E-02    0.2354E+00    0.1461E-02    0.6042E-04    0.1384E-03    0.1881E-01
     15.2155    0.5697E-02    0.2306E+00    0.9873E-03    0.6266E-04    0.9604E-04    0.1785E-01
     15.5362    0.5216E-02    0.1967E+00    0.7278E-03    0.5437E-04    0.6477E-04    0.1816E-01
     15.8569    0.5069E-02    0.2197E+00    0.1181E-02    0.5842E-04    0.9786E-04    0.1649E-01
     16.1776    0.4655E-02    0.2101E+00    0.7377E-03    0.5486E-04    0.6398E-04    0.1648E-01
     16.4983    0.4123E-02    0.1827E+00    0.3185E-03    0.5175E-04    0.3523E-04    0.1443E-01
     16.8190    0.3876E-02    0.1732E+00    0.5042E-03    0.4860E-04    0.3992E-04    0.1360E-01
