  
           station no=           1  x =  -50.000000000000000        0.0000000000000000     
     j       y          z        ds         ny          nz         nx
     1    -0.000    -0.175     0.350    1.000000    0.000000    0.254925
     2    -0.000    -0.525     0.350    1.000000    0.000000    0.253781
     3    -0.000    -0.875     0.350    1.000000    0.000000    0.251489
     4    -0.000    -1.225     0.350    1.000000    0.000000    0.248043
     5    -0.000    -1.575     0.350    1.000000    0.000000    0.243434
     6    -0.000    -1.925     0.350    1.000000    0.000000    0.237649
     7    -0.000    -2.275     0.350    1.000000    0.000000    0.230673
     8    -0.000    -2.625     0.350    1.000000    0.000000    0.222490
     9    -0.000    -2.975     0.350    1.000000    0.000000    0.213079
    10    -0.000    -3.325     0.350    1.000000    0.000000    0.202417
    11    -0.000    -3.675     0.350    1.000000    0.000000    0.190480
    12    -0.000    -4.025     0.350    1.000000    0.000000    0.177236
    13    -0.000    -4.375     0.350    1.000000    0.000000    0.162651
    14    -0.000    -4.725     0.350    1.000000    0.000000    0.146674
    15    -0.000    -5.075     0.350    1.000000    0.000000    0.129238
    16    -0.000    -5.425     0.350    1.000000    0.000000    0.110245
    17    -0.000    -5.775     0.350    1.000000    0.000000    0.089550
    18    -0.000    -6.125     0.350    1.000000    0.000000    0.066936
    19    -0.000    -6.475     0.350    1.000000    0.000000    0.042082
    20    -0.000    -6.825     0.350    1.000000    0.000000    0.000000
    21     0.000    -6.825     0.350   -1.000000    0.000000    0.000000
    22     0.000    -6.475     0.350   -1.000000    0.000000    0.042082
    23     0.000    -6.125     0.350   -1.000000    0.000000    0.066936
    24     0.000    -5.775     0.350   -1.000000    0.000000    0.089550
    25     0.000    -5.425     0.350   -1.000000    0.000000    0.110245
    26     0.000    -5.075     0.350   -1.000000    0.000000    0.129238
    27     0.000    -4.725     0.350   -1.000000    0.000000    0.146674
    28     0.000    -4.375     0.350   -1.000000    0.000000    0.162651
    29     0.000    -4.025     0.350   -1.000000    0.000000    0.177236
    30     0.000    -3.675     0.350   -1.000000    0.000000    0.190480
    31     0.000    -3.325     0.350   -1.000000    0.000000    0.202417
    32     0.000    -2.975     0.350   -1.000000    0.000000    0.213079
    33     0.000    -2.625     0.350   -1.000000    0.000000    0.222490
    34     0.000    -2.275     0.350   -1.000000    0.000000    0.230673
    35     0.000    -1.925     0.350   -1.000000    0.000000    0.237649
    36     0.000    -1.575     0.350   -1.000000    0.000000    0.243434
    37     0.000    -1.225     0.350   -1.000000    0.000000    0.248043
    38     0.000    -0.875     0.350   -1.000000    0.000000    0.251489
    39     0.000    -0.525     0.350   -1.000000    0.000000    0.253781
    40     0.000    -0.175     0.350   -1.000000    0.000000    0.254925
  
           station no=           2  x =  -45.000000000000000        5.0000000000000000     
     j       y          z        ds         ny          nz         nx
     1    -1.433    -0.175     0.350    0.999948    0.010188   -0.254925
     2    -1.426    -0.525     0.350    0.999533    0.030554   -0.253781
     3    -1.412    -0.875     0.350    0.998704    0.050886   -0.251489
     4    -1.390    -1.225     0.351    0.997466    0.071149   -0.248043
     5    -1.362    -1.575     0.351    0.995821    0.091326   -0.243434
     6    -1.326    -1.925     0.352    0.993777    0.111392   -0.237649
     7    -1.283    -2.275     0.353    0.991339    0.131325   -0.230673
     8    -1.234    -2.625     0.354    0.988519    0.151097   -0.222490
     9    -1.176    -2.975     0.355    0.985324    0.170693   -0.213079
    10    -1.112    -3.325     0.357    0.981766    0.190095   -0.202417
    11    -1.041    -3.675     0.358    0.977854    0.209288   -0.190480
    12    -0.962    -4.025     0.359    0.973599    0.228265   -0.177236
    13    -0.877    -4.375     0.361    0.969008    0.247029   -0.162651
    14    -0.784    -4.725     0.363    0.964085    0.265593   -0.146674
    15    -0.684    -5.075     0.365    0.958826    0.283994   -0.129238
    16    -0.577    -5.425     0.367    0.953216    0.302290   -0.110245
    17    -0.462    -5.775     0.370    0.947223    0.320574   -0.089550
    18    -0.340    -6.125     0.372    0.940790    0.338989   -0.066936
    19    -0.210    -6.475     0.375    0.933824    0.357732   -0.042082
    20    -0.071    -6.825     0.378    0.926185    0.377070    0.000000
    21     0.071    -6.825     0.378   -0.926185    0.377070    0.000000
    22     0.210    -6.475     0.375   -0.933824    0.357732   -0.042082
    23     0.340    -6.125     0.372   -0.940790    0.338989   -0.066936
    24     0.462    -5.775     0.370   -0.947223    0.320574   -0.089550
    25     0.577    -5.425     0.367   -0.953216    0.302290   -0.110245
    26     0.684    -5.075     0.365   -0.958826    0.283994   -0.129238
    27     0.784    -4.725     0.363   -0.964085    0.265593   -0.146674
    28     0.877    -4.375     0.361   -0.969008    0.247029   -0.162651
    29     0.962    -4.025     0.359   -0.973599    0.228265   -0.177236
    30     1.041    -3.675     0.358   -0.977854    0.209288   -0.190480
    31     1.112    -3.325     0.357   -0.981766    0.190095   -0.202417
    32     1.176    -2.975     0.355   -0.985324    0.170693   -0.213079
    33     1.234    -2.625     0.354   -0.988519    0.151097   -0.222490
    34     1.283    -2.275     0.353   -0.991339    0.131325   -0.230673
    35     1.326    -1.925     0.352   -0.993777    0.111392   -0.237649
    36     1.362    -1.575     0.351   -0.995821    0.091326   -0.243434
    37     1.390    -1.225     0.351   -0.997466    0.071149   -0.248043
    38     1.412    -0.875     0.350   -0.998704    0.050886   -0.251489
    39     1.426    -0.525     0.350   -0.999533    0.030554   -0.253781
    40     1.433    -0.175     0.350   -0.999948    0.010188   -0.254925
  
           station no=           3  x =  -40.000000000000000        10.000000000000000     
     j       y          z        ds         ny          nz         nx
     1    -2.636    -0.175     0.350    0.999837    0.018071   -0.215102
     2    -2.624    -0.525     0.351    0.998533    0.054141   -0.214276
     3    -2.598    -0.875     0.351    0.995941    0.090005   -0.212622
     4    -2.560    -1.225     0.353    0.992092    0.125516   -0.210138
     5    -2.510    -1.575     0.355    0.987027    0.160557   -0.206820
     6    -2.447    -1.925     0.357    0.980804    0.194998   -0.202662
     7    -2.371    -2.275     0.360    0.973488    0.228737   -0.197657
     8    -2.282    -2.625     0.363    0.965154    0.261684   -0.191798
     9    -2.181    -2.975     0.366    0.955876    0.293770   -0.185072
    10    -2.067    -3.325     0.370    0.945730    0.324954   -0.177463
    11    -1.940    -3.675     0.374    0.934772    0.355249   -0.168946
    12    -1.801    -4.025     0.379    0.923035    0.384717   -0.159479
    13    -1.648    -4.375     0.384    0.910499    0.413512   -0.148988
    14    -1.483    -4.725     0.390    0.897064    0.441900   -0.137349
    15    -1.303    -5.075     0.397    0.882513    0.470288   -0.124352
    16    -1.109    -5.425     0.404    0.866450    0.499265   -0.109651
    17    -0.899    -5.775     0.413    0.848244    0.529606   -0.092697
    18    -0.671    -6.125     0.423    0.826951    0.562274   -0.072627
    19    -0.421    -6.475     0.437    0.801254    0.598324   -0.048136
    20    -0.145    -6.825     0.455    0.769463    0.638691    0.000000
    21     0.145    -6.825     0.455   -0.769463    0.638691    0.000000
    22     0.421    -6.475     0.437   -0.801254    0.598324   -0.048136
    23     0.671    -6.125     0.423   -0.826951    0.562274   -0.072627
    24     0.899    -5.775     0.413   -0.848244    0.529606   -0.092697
    25     1.109    -5.425     0.404   -0.866450    0.499265   -0.109651
    26     1.303    -5.075     0.397   -0.882513    0.470288   -0.124352
    27     1.483    -4.725     0.390   -0.897064    0.441900   -0.137349
    28     1.648    -4.375     0.384   -0.910499    0.413512   -0.148988
    29     1.801    -4.025     0.379   -0.923035    0.384717   -0.159479
    30     1.940    -3.675     0.374   -0.934772    0.355249   -0.168946
    31     2.067    -3.325     0.370   -0.945730    0.324954   -0.177463
    32     2.181    -2.975     0.366   -0.955876    0.293770   -0.185072
    33     2.282    -2.625     0.363   -0.965154    0.261684   -0.191798
    34     2.371    -2.275     0.360   -0.973488    0.228737   -0.197657
    35     2.447    -1.925     0.357   -0.980804    0.194998   -0.202662
    36     2.510    -1.575     0.355   -0.987027    0.160557   -0.206820
    37     2.560    -1.225     0.353   -0.992092    0.125516   -0.210138
    38     2.598    -0.875     0.351   -0.995941    0.090005   -0.212622
    39     2.624    -0.525     0.351   -0.998533    0.054141   -0.214276
    40     2.636    -0.175     0.350   -0.999837    0.018071   -0.215102
  
           station no=           4  x =  -35.000000000000000        15.000000000000000     
     j       y          z        ds         ny          nz         nx
     1    -3.636    -0.175     0.350    0.999739    0.022852   -0.178959
     2    -3.620    -0.525     0.351    0.997657    0.068415   -0.178559
     3    -3.588    -0.875     0.352    0.993532    0.113550   -0.177760
     4    -3.540    -1.225     0.354    0.987439    0.157998   -0.176561
     5    -3.476    -1.575     0.357    0.979488    0.201503   -0.174961
     6    -3.396    -1.925     0.361    0.969812    0.243855   -0.172958
     7    -3.300    -2.275     0.365    0.958567    0.284867   -0.170552
     8    -3.188    -2.625     0.370    0.945913    0.324419   -0.167737
     9    -3.060    -2.975     0.376    0.932007    0.362441   -0.164505
    10    -2.916    -3.325     0.382    0.916963    0.398973   -0.160839
    11    -2.755    -3.675     0.389    0.900827    0.434178   -0.156700
    12    -2.578    -4.025     0.396    0.883518    0.468398   -0.152011
    13    -2.384    -4.375     0.405    0.864742    0.502216   -0.146628
    14    -2.171    -4.725     0.415    0.843898    0.536504   -0.140289
    15    -1.937    -5.075     0.427    0.819946    0.572441   -0.132537
    16    -1.680    -5.425     0.442    0.791275    0.611460   -0.122612
    17    -1.393    -5.775     0.463    0.755652    0.654973   -0.109280
    18    -1.068    -6.125     0.493    0.710382    0.703816   -0.090595
    19    -0.691    -6.475     0.536    0.652965    0.757388   -0.063574
    20    -0.244    -6.825     0.601    0.582447    0.812869    0.000000
    21     0.244    -6.825     0.601   -0.582447    0.812869    0.000000
    22     0.691    -6.475     0.536   -0.652965    0.757388   -0.063574
    23     1.068    -6.125     0.493   -0.710382    0.703816   -0.090595
    24     1.393    -5.775     0.463   -0.755652    0.654973   -0.109280
    25     1.680    -5.425     0.442   -0.791275    0.611460   -0.122612
    26     1.937    -5.075     0.427   -0.819946    0.572441   -0.132537
    27     2.171    -4.725     0.415   -0.843898    0.536504   -0.140289
    28     2.384    -4.375     0.405   -0.864742    0.502216   -0.146628
    29     2.578    -4.025     0.396   -0.883518    0.468398   -0.152011
    30     2.755    -3.675     0.389   -0.900827    0.434178   -0.156700
    31     2.916    -3.325     0.382   -0.916963    0.398973   -0.160839
    32     3.060    -2.975     0.376   -0.932007    0.362441   -0.164505
    33     3.188    -2.625     0.370   -0.945913    0.324419   -0.167737
    34     3.300    -2.275     0.365   -0.958567    0.284867   -0.170552
    35     3.396    -1.925     0.361   -0.969812    0.243855   -0.172958
    36     3.476    -1.575     0.357   -0.979488    0.201503   -0.174961
    37     3.540    -1.225     0.354   -0.987439    0.157998   -0.176561
    38     3.588    -0.875     0.352   -0.993532    0.113550   -0.177760
    39     3.620    -0.525     0.351   -0.997657    0.068415   -0.178559
    40     3.636    -0.175     0.350   -0.999739    0.022852   -0.178959
  
           station no=           5  x =  -30.000000000000000        20.000000000000000     
     j       y          z        ds         ny          nz         nx
     1    -4.455    -0.175     0.350    0.999711    0.024057   -0.146313
     2    -4.438    -0.525     0.351    0.997404    0.072008   -0.146380
     3    -4.405    -0.875     0.353    0.992839    0.119458   -0.146514
     4    -4.354    -1.225     0.355    0.986107    0.166110   -0.146714
     5    -4.287    -1.575     0.358    0.977341    0.211673   -0.146981
     6    -4.203    -1.925     0.362    0.966701    0.255910   -0.147315
     7    -4.102    -2.275     0.367    0.954371    0.298624   -0.147713
     8    -3.984    -2.625     0.372    0.940526    0.339721   -0.148173
     9    -3.849    -2.975     0.378    0.925308    0.379216   -0.148682
    10    -3.697    -3.325     0.385    0.908765    0.417309   -0.149215
    11    -3.527    -3.675     0.393    0.890764    0.454466   -0.149711
    12    -3.339    -4.025     0.402    0.870856    0.491538   -0.150048
    13    -3.131    -4.375     0.413    0.848109    0.529822   -0.149995
    14    -2.900    -4.725     0.426    0.820847    0.571149   -0.149127
    15    -2.640    -5.075     0.445    0.786472    0.617626   -0.146710
    16    -2.345    -5.425     0.472    0.741416    0.671046   -0.141515
    17    -1.998    -5.775     0.513    0.681789    0.731549   -0.131541
    18    -1.581    -6.125     0.578    0.605245    0.796039   -0.113618
    19    -1.058    -6.475     0.681    0.513852    0.857879   -0.082827
    20    -0.383    -6.825     0.842    0.415563    0.909564    0.000000
    21     0.383    -6.825     0.842   -0.415563    0.909564    0.000000
    22     1.058    -6.475     0.681   -0.513852    0.857879   -0.082827
    23     1.581    -6.125     0.578   -0.605245    0.796039   -0.113618
    24     1.998    -5.775     0.513   -0.681789    0.731549   -0.131541
    25     2.345    -5.425     0.472   -0.741416    0.671046   -0.141515
    26     2.640    -5.075     0.445   -0.786472    0.617626   -0.146710
    27     2.900    -4.725     0.426   -0.820847    0.571149   -0.149127
    28     3.131    -4.375     0.413   -0.848109    0.529822   -0.149995
    29     3.339    -4.025     0.402   -0.870856    0.491538   -0.150048
    30     3.527    -3.675     0.393   -0.890764    0.454466   -0.149711
    31     3.697    -3.325     0.385   -0.908765    0.417309   -0.149215
    32     3.849    -2.975     0.378   -0.925308    0.379216   -0.148682
    33     3.984    -2.625     0.372   -0.940526    0.339721   -0.148173
    34     4.102    -2.275     0.367   -0.954371    0.298624   -0.147713
    35     4.203    -1.925     0.362   -0.966701    0.255910   -0.147315
    36     4.287    -1.575     0.358   -0.977341    0.211673   -0.146981
    37     4.354    -1.225     0.355   -0.986107    0.166110   -0.146714
    38     4.405    -0.875     0.353   -0.992839    0.119458   -0.146514
    39     4.438    -0.525     0.351   -0.997404    0.072008   -0.146380
    40     4.455    -0.175     0.350   -0.999711    0.024057   -0.146313
  
           station no=           6  x =  -25.000000000000000        25.000000000000000     
     j       y          z        ds         ny          nz         nx
     1    -5.115    -0.175     0.350    0.999761    0.021868   -0.116836
     2    -5.100    -0.525     0.351    0.997854    0.065476   -0.117311
     3    -5.069    -0.875     0.352    0.994073    0.108711   -0.118261
     4    -5.023    -1.225     0.354    0.988481    0.151343   -0.119686
     5    -4.962    -1.575     0.357    0.981169    0.193149   -0.121585
     6    -4.885    -1.925     0.360    0.972250    0.233946   -0.123955
     7    -4.793    -2.275     0.364    0.961840    0.273611   -0.126796
     8    -4.686    -2.625     0.368    0.950042    0.312124   -0.130098
     9    -4.563    -2.975     0.374    0.936879    0.349653   -0.133846
    10    -4.425    -3.325     0.380    0.922209    0.386691   -0.138002
    11    -4.269    -3.675     0.387    0.905558    0.424223   -0.142483
    12    -4.096    -4.025     0.395    0.885869    0.463935   -0.147127
    13    -3.901    -4.375     0.406    0.861125    0.508393   -0.151622
    14    -3.679    -4.725     0.423    0.827916    0.560852   -0.155410
    15    -3.420    -5.075     0.448    0.781168    0.624321   -0.157526
    16    -3.109    -5.425     0.490    0.714899    0.699228   -0.156360
    17    -2.720    -5.775     0.560    0.625398    0.780306   -0.149299
    18    -2.211    -6.125     0.678    0.516574    0.856243   -0.132182
    19    -1.523    -6.475     0.871    0.401862    0.915700   -0.098492
    20    -0.562    -6.825     1.177    0.297353    0.954768    0.000000
    21     0.562    -6.825     1.177   -0.297353    0.954768    0.000000
    22     1.523    -6.475     0.871   -0.401862    0.915700   -0.098492
    23     2.211    -6.125     0.678   -0.516574    0.856243   -0.132182
    24     2.720    -5.775     0.560   -0.625398    0.780306   -0.149299
    25     3.109    -5.425     0.490   -0.714899    0.699228   -0.156360
    26     3.420    -5.075     0.448   -0.781168    0.624321   -0.157526
    27     3.679    -4.725     0.423   -0.827916    0.560852   -0.155410
    28     3.901    -4.375     0.406   -0.861125    0.508393   -0.151622
    29     4.096    -4.025     0.395   -0.885869    0.463935   -0.147127
    30     4.269    -3.675     0.387   -0.905558    0.424223   -0.142483
    31     4.425    -3.325     0.380   -0.922209    0.386691   -0.138002
    32     4.563    -2.975     0.374   -0.936879    0.349653   -0.133846
    33     4.686    -2.625     0.368   -0.950042    0.312124   -0.130098
    34     4.793    -2.275     0.364   -0.961840    0.273611   -0.126796
    35     4.885    -1.925     0.360   -0.972250    0.233946   -0.123955
    36     4.962    -1.575     0.357   -0.981169    0.193149   -0.121585
    37     5.023    -1.225     0.354   -0.988481    0.151343   -0.119686
    38     5.069    -0.875     0.352   -0.994073    0.108711   -0.118261
    39     5.100    -0.525     0.351   -0.997854    0.065476   -0.117311
    40     5.115    -0.175     0.350   -0.999761    0.021868   -0.116836
  
           station no=           7  x =  -20.000000000000000        30.000000000000000     
     j       y          z        ds         ny          nz         nx
     1    -5.632    -0.175     0.350    0.999853    0.017132   -0.090091
     2    -5.620    -0.525     0.350    0.998682    0.051330   -0.090831
     3    -5.596    -0.875     0.351    0.996351    0.085351   -0.092310
     4    -5.560    -1.225     0.353    0.992886    0.119073   -0.094528
     5    -5.512    -1.575     0.354    0.988319    0.152402   -0.097483
     6    -5.452    -1.925     0.356    0.982693    0.185240   -0.101172
     7    -5.380    -2.275     0.359    0.976042    0.217583   -0.105591
     8    -5.296    -2.625     0.361    0.968361    0.249553   -0.110730
     9    -5.199    -2.975     0.365    0.959545    0.281557   -0.116570
    10    -5.090    -3.325     0.369    0.949233    0.314575   -0.123064
    11    -4.966    -3.675     0.374    0.936583    0.350445   -0.130118
    12    -4.826    -4.025     0.381    0.919821    0.392338   -0.137544
    13    -4.665    -4.375     0.391    0.895542    0.444978   -0.144991
    14    -4.473    -4.725     0.408    0.857763    0.514045   -0.151831
    15    -4.236    -5.075     0.439    0.797564    0.603235   -0.156984
    16    -3.928    -5.425     0.496    0.705967    0.708244   -0.158656
    17    -3.508    -5.775     0.600    0.583192    0.812334   -0.153946
    18    -2.914    -6.125     0.784    0.446634    0.894717   -0.138231
    19    -2.048    -6.475     1.089    0.321431    0.946933   -0.104244
    20    -0.766    -6.825     1.572    0.222664    0.974895    0.000000
    21     0.766    -6.825     1.572   -0.222664    0.974895    0.000000
    22     2.048    -6.475     1.089   -0.321431    0.946933   -0.104244
    23     2.914    -6.125     0.784   -0.446634    0.894717   -0.138231
    24     3.508    -5.775     0.600   -0.583192    0.812334   -0.153946
    25     3.928    -5.425     0.496   -0.705967    0.708244   -0.158656
    26     4.236    -5.075     0.439   -0.797564    0.603235   -0.156984
    27     4.473    -4.725     0.408   -0.857763    0.514045   -0.151831
    28     4.665    -4.375     0.391   -0.895542    0.444978   -0.144991
    29     4.826    -4.025     0.381   -0.919821    0.392338   -0.137544
    30     4.966    -3.675     0.374   -0.936583    0.350445   -0.130118
    31     5.090    -3.325     0.369   -0.949233    0.314575   -0.123064
    32     5.199    -2.975     0.365   -0.959545    0.281557   -0.116570
    33     5.296    -2.625     0.361   -0.968361    0.249553   -0.110730
    34     5.380    -2.275     0.359   -0.976042    0.217583   -0.105591
    35     5.452    -1.925     0.356   -0.982693    0.185240   -0.101172
    36     5.512    -1.575     0.354   -0.988319    0.152402   -0.097483
    37     5.560    -1.225     0.353   -0.992886    0.119073   -0.094528
    38     5.596    -0.875     0.351   -0.996351    0.085351   -0.092310
    39     5.620    -0.525     0.350   -0.998682    0.051330   -0.090831
    40     5.632    -0.175     0.350   -0.999853    0.017132   -0.090091
  
           station no=           8  x =  -15.000000000000000        35.000000000000000     
     j       y          z        ds         ny          nz         nx
     1    -6.020    -0.175     0.350    0.999938    0.011171   -0.065582
     2    -6.012    -0.525     0.350    0.999439    0.033500   -0.066392
     3    -5.996    -0.875     0.351    0.998444    0.055772   -0.068010
     4    -5.973    -1.225     0.351    0.996956    0.077969   -0.070436
     5    -5.941    -1.575     0.352    0.994982    0.100056   -0.073670
     6    -5.902    -1.925     0.353    0.992526    0.122036   -0.077708
     7    -5.855    -2.275     0.354    0.989578    0.143998   -0.082546
     8    -5.800    -2.625     0.355    0.986089    0.166221   -0.088175
     9    -5.737    -2.975     0.356    0.981894    0.189434   -0.094576
    10    -5.665    -3.325     0.358    0.976569    0.215205   -0.101704
    11    -5.582    -3.675     0.361    0.969123    0.246579   -0.109469
    12    -5.484    -4.025     0.366    0.957375    0.288848   -0.117690
    13    -5.366    -4.375     0.374    0.936714    0.350097   -0.126028
    14    -5.215    -4.725     0.390    0.898012    0.439971   -0.133880
    15    -5.010    -5.075     0.424    0.826381    0.563112   -0.140208
    16    -4.716    -5.425     0.494    0.708305    0.705907   -0.143295
    17    -4.278    -5.775     0.633    0.552532    0.833492   -0.140364
    18    -3.607    -6.125     0.886    0.395212    0.918590   -0.127017
    19    -2.571    -6.475     1.307    0.267785    0.963479   -0.096363
    20    -0.971    -6.825     1.972    0.177451    0.984130    0.000000
    21     0.971    -6.825     1.972   -0.177451    0.984130    0.000000
    22     2.571    -6.475     1.307   -0.267785    0.963479   -0.096363
    23     3.607    -6.125     0.886   -0.395212    0.918590   -0.127017
    24     4.278    -5.775     0.633   -0.552532    0.833492   -0.140364
    25     4.716    -5.425     0.494   -0.708305    0.705907   -0.143295
    26     5.010    -5.075     0.424   -0.826381    0.563112   -0.140208
    27     5.215    -4.725     0.390   -0.898012    0.439971   -0.133880
    28     5.366    -4.375     0.374   -0.936714    0.350097   -0.126028
    29     5.484    -4.025     0.366   -0.957375    0.288848   -0.117690
    30     5.582    -3.675     0.361   -0.969123    0.246579   -0.109469
    31     5.665    -3.325     0.358   -0.976569    0.215205   -0.101704
    32     5.737    -2.975     0.356   -0.981894    0.189434   -0.094576
    33     5.800    -2.625     0.355   -0.986089    0.166221   -0.088175
    34     5.855    -2.275     0.354   -0.989578    0.143998   -0.082546
    35     5.902    -1.925     0.353   -0.992526    0.122036   -0.077708
    36     5.941    -1.575     0.352   -0.994982    0.100056   -0.073670
    37     5.973    -1.225     0.351   -0.996956    0.077969   -0.070436
    38     5.996    -0.875     0.351   -0.998444    0.055772   -0.068010
    39     6.012    -0.525     0.350   -0.999439    0.033500   -0.066392
    40     6.020    -0.175     0.350   -0.999938    0.011171   -0.065582
  
           station no=           9  x =  -10.000000000000000        40.000000000000000     
     j       y          z        ds         ny          nz         nx
     1    -6.289    -0.175     0.350    0.999985    0.005493   -0.042771
     2    -6.285    -0.525     0.350    0.999864    0.016483   -0.043449
     3    -6.277    -0.875     0.350    0.999623    0.027460   -0.044805
     4    -6.266    -1.225     0.350    0.999261    0.038429   -0.046839
     5    -6.250    -1.575     0.350    0.998779    0.049400   -0.049550
     6    -6.231    -1.925     0.351    0.998174    0.060403   -0.052936
     7    -6.208    -2.275     0.351    0.997435    0.071584   -0.056995
     8    -6.181    -2.625     0.351    0.996522    0.083335   -0.061722
     9    -6.149    -2.975     0.352    0.995317    0.096662   -0.067101
    10    -6.112    -3.325     0.352    0.993518    0.113677   -0.073099
    11    -6.068    -3.675     0.353    0.990352    0.138575   -0.079645
    12    -6.011    -4.025     0.356    0.983875    0.178857   -0.086600
    13    -5.935    -4.375     0.361    0.969147    0.246482   -0.093697
    14    -5.824    -4.725     0.375    0.934302    0.356483   -0.100458
    15    -5.652    -5.075     0.409    0.856725    0.515774   -0.106060
    16    -5.376    -5.425     0.489    0.715741    0.698366   -0.109139
    17    -4.926    -5.775     0.658    0.531660    0.846958   -0.107493
    18    -4.195    -6.125     0.971    0.360576    0.932730   -0.097657
    19    -3.016    -6.475     1.493    0.234387    0.972143   -0.074265
    20    -1.145    -6.825     2.317    0.151067    0.988524    0.000000
    21     1.145    -6.825     2.317   -0.151067    0.988524    0.000000
    22     3.016    -6.475     1.493   -0.234387    0.972143   -0.074265
    23     4.195    -6.125     0.971   -0.360576    0.932730   -0.097657
    24     4.926    -5.775     0.658   -0.531660    0.846958   -0.107493
    25     5.376    -5.425     0.489   -0.715741    0.698366   -0.109139
    26     5.652    -5.075     0.409   -0.856725    0.515774   -0.106060
    27     5.824    -4.725     0.375   -0.934302    0.356483   -0.100458
    28     5.935    -4.375     0.361   -0.969147    0.246482   -0.093697
    29     6.011    -4.025     0.356   -0.983875    0.178857   -0.086600
    30     6.068    -3.675     0.353   -0.990352    0.138575   -0.079645
    31     6.112    -3.325     0.352   -0.993518    0.113677   -0.073099
    32     6.149    -2.975     0.352   -0.995317    0.096662   -0.067101
    33     6.181    -2.625     0.351   -0.996522    0.083335   -0.061722
    34     6.208    -2.275     0.351   -0.997435    0.071584   -0.056995
    35     6.231    -1.925     0.351   -0.998174    0.060403   -0.052936
    36     6.250    -1.575     0.350   -0.998779    0.049400   -0.049550
    37     6.266    -1.225     0.350   -0.999261    0.038429   -0.046839
    38     6.277    -0.875     0.350   -0.999623    0.027460   -0.044805
    39     6.285    -0.525     0.350   -0.999864    0.016483   -0.043449
    40     6.289    -0.175     0.350   -0.999985    0.005493   -0.042771
  
           station no=          10  x =  -5.0000000000000000        45.000000000000000     
     j       y          z        ds         ny          nz         nx
     1    -6.448    -0.175     0.350    0.999999    0.001459   -0.021099
     2    -6.447    -0.525     0.350    0.999990    0.004368   -0.021484
     3    -6.445    -0.875     0.350    0.999973    0.007289   -0.022252
     4    -6.441    -1.225     0.350    0.999948    0.010198   -0.023405
     5    -6.437    -1.575     0.350    0.999914    0.013128   -0.024942
     6    -6.432    -1.925     0.350    0.999870    0.016119   -0.026863
     7    -6.426    -2.275     0.350    0.999813    0.019321   -0.029166
     8    -6.419    -2.625     0.350    0.999730    0.023231   -0.031850
     9    -6.410    -2.975     0.350    0.999580    0.028963   -0.034906
    10    -6.398    -3.325     0.350    0.999239    0.039004   -0.038318
    11    -6.381    -3.675     0.351    0.998301    0.058263   -0.042047
    12    -6.354    -4.025     0.352    0.995405    0.095754   -0.046018
    13    -6.307    -4.375     0.355    0.986062    0.166378   -0.050084
    14    -6.225    -4.725     0.366    0.957006    0.290069   -0.053980
    15    -6.077    -5.075     0.398    0.878823    0.477148   -0.057251
    16    -5.814    -5.425     0.484    0.722803    0.691055   -0.059136
    17    -5.359    -5.775     0.674    0.519514    0.854462   -0.058411
    18    -4.588    -6.125     1.027    0.340744    0.940156   -0.053159
    19    -3.315    -6.475     1.618    0.216250    0.976338   -0.040447
    20    -1.263    -6.825     2.549    0.137284    0.990532    0.000000
    21     1.263    -6.825     2.549   -0.137284    0.990532    0.000000
    22     3.315    -6.475     1.618   -0.216250    0.976338   -0.040447
    23     4.588    -6.125     1.027   -0.340744    0.940156   -0.053159
    24     5.359    -5.775     0.674   -0.519514    0.854462   -0.058411
    25     5.814    -5.425     0.484   -0.722803    0.691055   -0.059136
    26     6.077    -5.075     0.398   -0.878823    0.477148   -0.057251
    27     6.225    -4.725     0.366   -0.957006    0.290069   -0.053980
    28     6.307    -4.375     0.355   -0.986062    0.166378   -0.050084
    29     6.354    -4.025     0.352   -0.995405    0.095754   -0.046018
    30     6.381    -3.675     0.351   -0.998301    0.058263   -0.042047
    31     6.398    -3.325     0.350   -0.999239    0.039004   -0.038318
    32     6.410    -2.975     0.350   -0.999580    0.028963   -0.034906
    33     6.419    -2.625     0.350   -0.999730    0.023231   -0.031850
    34     6.426    -2.275     0.350   -0.999813    0.019321   -0.029166
    35     6.432    -1.925     0.350   -0.999870    0.016119   -0.026863
    36     6.437    -1.575     0.350   -0.999914    0.013128   -0.024942
    37     6.441    -1.225     0.350   -0.999948    0.010198   -0.023405
    38     6.445    -0.875     0.350   -0.999973    0.007289   -0.022252
    39     6.447    -0.525     0.350   -0.999990    0.004368   -0.021484
    40     6.448    -0.175     0.350   -0.999999    0.001459   -0.021099
  
           station no=          11  x =   0.0000000000000000        50.000000000000000     
     j       y          z        ds         ny          nz         nx
     1    -6.500    -0.175     0.350    1.000000    0.000000    0.000000
     2    -6.500    -0.525     0.350    1.000000    0.000000   -0.000000
     3    -6.500    -0.875     0.350    1.000000    0.000000    0.000000
     4    -6.500    -1.225     0.350    1.000000    0.000000    0.000000
     5    -6.500    -1.575     0.350    1.000000    0.000018    0.000000
     6    -6.500    -1.925     0.350    1.000000    0.000094    0.000000
     7    -6.500    -2.275     0.350    1.000000    0.000401    0.000000
     8    -6.500    -2.625     0.350    0.999999    0.001439    0.000000
     9    -6.499    -2.975     0.350    0.999990    0.004375    0.000000
    10    -6.496    -3.325     0.350    0.999930    0.011810    0.000000
    11    -6.489    -3.675     0.350    0.999583    0.028892    0.000000
    12    -6.472    -4.025     0.351    0.997878    0.065115    0.000000
    13    -6.437    -4.375     0.353    0.990648    0.136443    0.000000
    14    -6.364    -4.725     0.363    0.964310    0.264776    0.000000
    15    -6.225    -5.075     0.395    0.886772    0.462208    0.000000
    16    -5.968    -5.425     0.482    0.725627    0.688088    0.000000
    17    -5.511    -5.775     0.679    0.515523    0.856876    0.000000
    18    -4.727    -6.125     1.047    0.334301    0.942466    0.000000
    19    -3.421    -6.475     1.663    0.210509    0.977592    0.000000
    20    -1.304    -6.825     2.632    0.132999    0.991116    0.000000
    21     1.304    -6.825     2.632   -0.132999    0.991116    0.000000
    22     3.421    -6.475     1.663   -0.210509    0.977592    0.000000
    23     4.727    -6.125     1.047   -0.334301    0.942466    0.000000
    24     5.511    -5.775     0.679   -0.515523    0.856876    0.000000
    25     5.968    -5.425     0.482   -0.725627    0.688088    0.000000
    26     6.225    -5.075     0.395   -0.886772    0.462208    0.000000
    27     6.364    -4.725     0.363   -0.964310    0.264776    0.000000
    28     6.437    -4.375     0.353   -0.990648    0.136443    0.000000
    29     6.472    -4.025     0.351   -0.997878    0.065115    0.000000
    30     6.489    -3.675     0.350   -0.999583    0.028892    0.000000
    31     6.496    -3.325     0.350   -0.999930    0.011810    0.000000
    32     6.499    -2.975     0.350   -0.999990    0.004375    0.000000
    33     6.500    -2.625     0.350   -0.999999    0.001439    0.000000
    34     6.500    -2.275     0.350   -1.000000    0.000401    0.000000
    35     6.500    -1.925     0.350   -1.000000    0.000094    0.000000
    36     6.500    -1.575     0.350   -1.000000    0.000018    0.000000
    37     6.500    -1.225     0.350   -1.000000    0.000000    0.000000
    38     6.500    -0.875     0.350   -1.000000    0.000000    0.000000
    39     6.500    -0.525     0.350   -1.000000    0.000000   -0.000000
    40     6.500    -0.175     0.350   -1.000000    0.000000    0.000000
  
           station no=          12  x =   5.0000000000000000        55.000000000000000     
     j       y          z        ds         ny          nz         nx
     1    -6.448    -0.175     0.350    0.999999    0.001459    0.021099
     2    -6.447    -0.525     0.350    0.999990    0.004368    0.021484
     3    -6.445    -0.875     0.350    0.999973    0.007289    0.022252
     4    -6.441    -1.225     0.350    0.999948    0.010198    0.023405
     5    -6.437    -1.575     0.350    0.999914    0.013128    0.024942
     6    -6.432    -1.925     0.350    0.999870    0.016119    0.026863
     7    -6.426    -2.275     0.350    0.999813    0.019321    0.029166
     8    -6.419    -2.625     0.350    0.999730    0.023231    0.031850
     9    -6.410    -2.975     0.350    0.999580    0.028963    0.034906
    10    -6.398    -3.325     0.350    0.999239    0.039004    0.038318
    11    -6.381    -3.675     0.351    0.998301    0.058263    0.042047
    12    -6.354    -4.025     0.352    0.995405    0.095754    0.046018
    13    -6.307    -4.375     0.355    0.986062    0.166378    0.050084
    14    -6.225    -4.725     0.366    0.957006    0.290069    0.053980
    15    -6.077    -5.075     0.398    0.878823    0.477148    0.057251
    16    -5.814    -5.425     0.484    0.722803    0.691055    0.059136
    17    -5.359    -5.775     0.674    0.519514    0.854462    0.058411
    18    -4.588    -6.125     1.027    0.340744    0.940156    0.053159
    19    -3.315    -6.475     1.618    0.216250    0.976338    0.040447
    20    -1.263    -6.825     2.549    0.137284    0.990532    0.000000
    21     1.263    -6.825     2.549   -0.137284    0.990532    0.000000
    22     3.315    -6.475     1.618   -0.216250    0.976338    0.040447
    23     4.588    -6.125     1.027   -0.340744    0.940156    0.053159
    24     5.359    -5.775     0.674   -0.519514    0.854462    0.058411
    25     5.814    -5.425     0.484   -0.722803    0.691055    0.059136
    26     6.077    -5.075     0.398   -0.878823    0.477148    0.057251
    27     6.225    -4.725     0.366   -0.957006    0.290069    0.053980
    28     6.307    -4.375     0.355   -0.986062    0.166378    0.050084
    29     6.354    -4.025     0.352   -0.995405    0.095754    0.046018
    30     6.381    -3.675     0.351   -0.998301    0.058263    0.042047
    31     6.398    -3.325     0.350   -0.999239    0.039004    0.038318
    32     6.410    -2.975     0.350   -0.999580    0.028963    0.034906
    33     6.419    -2.625     0.350   -0.999730    0.023231    0.031850
    34     6.426    -2.275     0.350   -0.999813    0.019321    0.029166
    35     6.432    -1.925     0.350   -0.999870    0.016119    0.026863
    36     6.437    -1.575     0.350   -0.999914    0.013128    0.024942
    37     6.441    -1.225     0.350   -0.999948    0.010198    0.023405
    38     6.445    -0.875     0.350   -0.999973    0.007289    0.022252
    39     6.447    -0.525     0.350   -0.999990    0.004368    0.021484
    40     6.448    -0.175     0.350   -0.999999    0.001459    0.021099
  
           station no=          13  x =   10.000000000000000        60.000000000000000     
     j       y          z        ds         ny          nz         nx
     1    -6.289    -0.175     0.350    0.999985    0.005493    0.042771
     2    -6.285    -0.525     0.350    0.999864    0.016483    0.043449
     3    -6.277    -0.875     0.350    0.999623    0.027460    0.044805
     4    -6.266    -1.225     0.350    0.999261    0.038429    0.046839
     5    -6.250    -1.575     0.350    0.998779    0.049400    0.049550
     6    -6.231    -1.925     0.351    0.998174    0.060403    0.052936
     7    -6.208    -2.275     0.351    0.997435    0.071584    0.056995
     8    -6.181    -2.625     0.351    0.996522    0.083335    0.061722
     9    -6.149    -2.975     0.352    0.995317    0.096662    0.067101
    10    -6.112    -3.325     0.352    0.993518    0.113677    0.073099
    11    -6.068    -3.675     0.353    0.990352    0.138575    0.079645
    12    -6.011    -4.025     0.356    0.983875    0.178857    0.086600
    13    -5.935    -4.375     0.361    0.969147    0.246482    0.093697
    14    -5.824    -4.725     0.375    0.934302    0.356483    0.100458
    15    -5.652    -5.075     0.409    0.856725    0.515774    0.106060
    16    -5.376    -5.425     0.489    0.715741    0.698366    0.109139
    17    -4.926    -5.775     0.658    0.531660    0.846958    0.107493
    18    -4.195    -6.125     0.971    0.360576    0.932730    0.097657
    19    -3.016    -6.475     1.493    0.234387    0.972143    0.074265
    20    -1.145    -6.825     2.317    0.151067    0.988524    0.000000
    21     1.145    -6.825     2.317   -0.151067    0.988524    0.000000
    22     3.016    -6.475     1.493   -0.234387    0.972143    0.074265
    23     4.195    -6.125     0.971   -0.360576    0.932730    0.097657
    24     4.926    -5.775     0.658   -0.531660    0.846958    0.107493
    25     5.376    -5.425     0.489   -0.715741    0.698366    0.109139
    26     5.652    -5.075     0.409   -0.856725    0.515774    0.106060
    27     5.824    -4.725     0.375   -0.934302    0.356483    0.100458
    28     5.935    -4.375     0.361   -0.969147    0.246482    0.093697
    29     6.011    -4.025     0.356   -0.983875    0.178857    0.086600
    30     6.068    -3.675     0.353   -0.990352    0.138575    0.079645
    31     6.112    -3.325     0.352   -0.993518    0.113677    0.073099
    32     6.149    -2.975     0.352   -0.995317    0.096662    0.067101
    33     6.181    -2.625     0.351   -0.996522    0.083335    0.061722
    34     6.208    -2.275     0.351   -0.997435    0.071584    0.056995
    35     6.231    -1.925     0.351   -0.998174    0.060403    0.052936
    36     6.250    -1.575     0.350   -0.998779    0.049400    0.049550
    37     6.266    -1.225     0.350   -0.999261    0.038429    0.046839
    38     6.277    -0.875     0.350   -0.999623    0.027460    0.044805
    39     6.285    -0.525     0.350   -0.999864    0.016483    0.043449
    40     6.289    -0.175     0.350   -0.999985    0.005493    0.042771
  
           station no=          14  x =   15.000000000000000        65.000000000000000     
     j       y          z        ds         ny          nz         nx
     1    -6.020    -0.175     0.350    0.999938    0.011171    0.065582
     2    -6.012    -0.525     0.350    0.999439    0.033500    0.066392
     3    -5.996    -0.875     0.351    0.998444    0.055772    0.068010
     4    -5.973    -1.225     0.351    0.996956    0.077969    0.070436
     5    -5.941    -1.575     0.352    0.994982    0.100056    0.073670
     6    -5.902    -1.925     0.353    0.992526    0.122036    0.077708
     7    -5.855    -2.275     0.354    0.989578    0.143998    0.082546
     8    -5.800    -2.625     0.355    0.986089    0.166221    0.088175
     9    -5.737    -2.975     0.356    0.981894    0.189434    0.094576
    10    -5.665    -3.325     0.358    0.976569    0.215205    0.101704
    11    -5.582    -3.675     0.361    0.969123    0.246579    0.109469
    12    -5.484    -4.025     0.366    0.957375    0.288848    0.117690
    13    -5.366    -4.375     0.374    0.936714    0.350097    0.126028
    14    -5.215    -4.725     0.390    0.898012    0.439971    0.133880
    15    -5.010    -5.075     0.424    0.826381    0.563112    0.140208
    16    -4.716    -5.425     0.494    0.708305    0.705907    0.143295
    17    -4.278    -5.775     0.633    0.552532    0.833492    0.140364
    18    -3.607    -6.125     0.886    0.395212    0.918590    0.127017
    19    -2.571    -6.475     1.307    0.267785    0.963479    0.096363
    20    -0.971    -6.825     1.972    0.177451    0.984130    0.000000
    21     0.971    -6.825     1.972   -0.177451    0.984130    0.000000
    22     2.571    -6.475     1.307   -0.267785    0.963479    0.096363
    23     3.607    -6.125     0.886   -0.395212    0.918590    0.127017
    24     4.278    -5.775     0.633   -0.552532    0.833492    0.140364
    25     4.716    -5.425     0.494   -0.708305    0.705907    0.143295
    26     5.010    -5.075     0.424   -0.826381    0.563112    0.140208
    27     5.215    -4.725     0.390   -0.898012    0.439971    0.133880
    28     5.366    -4.375     0.374   -0.936714    0.350097    0.126028
    29     5.484    -4.025     0.366   -0.957375    0.288848    0.117690
    30     5.582    -3.675     0.361   -0.969123    0.246579    0.109469
    31     5.665    -3.325     0.358   -0.976569    0.215205    0.101704
    32     5.737    -2.975     0.356   -0.981894    0.189434    0.094576
    33     5.800    -2.625     0.355   -0.986089    0.166221    0.088175
    34     5.855    -2.275     0.354   -0.989578    0.143998    0.082546
    35     5.902    -1.925     0.353   -0.992526    0.122036    0.077708
    36     5.941    -1.575     0.352   -0.994982    0.100056    0.073670
    37     5.973    -1.225     0.351   -0.996956    0.077969    0.070436
    38     5.996    -0.875     0.351   -0.998444    0.055772    0.068010
    39     6.012    -0.525     0.350   -0.999439    0.033500    0.066392
    40     6.020    -0.175     0.350   -0.999938    0.011171    0.065582
  
           station no=          15  x =   20.000000000000000        70.000000000000000     
     j       y          z        ds         ny          nz         nx
     1    -5.632    -0.175     0.350    0.999853    0.017132    0.090091
     2    -5.620    -0.525     0.350    0.998682    0.051330    0.090831
     3    -5.596    -0.875     0.351    0.996351    0.085351    0.092310
     4    -5.560    -1.225     0.353    0.992886    0.119073    0.094528
     5    -5.512    -1.575     0.354    0.988319    0.152402    0.097483
     6    -5.452    -1.925     0.356    0.982693    0.185240    0.101172
     7    -5.380    -2.275     0.359    0.976042    0.217583    0.105591
     8    -5.296    -2.625     0.361    0.968361    0.249553    0.110730
     9    -5.199    -2.975     0.365    0.959545    0.281557    0.116570
    10    -5.090    -3.325     0.369    0.949233    0.314575    0.123064
    11    -4.966    -3.675     0.374    0.936583    0.350445    0.130118
    12    -4.826    -4.025     0.381    0.919821    0.392338    0.137544
    13    -4.665    -4.375     0.391    0.895542    0.444978    0.144991
    14    -4.473    -4.725     0.408    0.857763    0.514045    0.151831
    15    -4.236    -5.075     0.439    0.797564    0.603235    0.156984
    16    -3.928    -5.425     0.496    0.705967    0.708244    0.158656
    17    -3.508    -5.775     0.600    0.583192    0.812334    0.153946
    18    -2.914    -6.125     0.784    0.446634    0.894717    0.138231
    19    -2.048    -6.475     1.089    0.321431    0.946933    0.104244
    20    -0.766    -6.825     1.572    0.222664    0.974895    0.000000
    21     0.766    -6.825     1.572   -0.222664    0.974895    0.000000
    22     2.048    -6.475     1.089   -0.321431    0.946933    0.104244
    23     2.914    -6.125     0.784   -0.446634    0.894717    0.138231
    24     3.508    -5.775     0.600   -0.583192    0.812334    0.153946
    25     3.928    -5.425     0.496   -0.705967    0.708244    0.158656
    26     4.236    -5.075     0.439   -0.797564    0.603235    0.156984
    27     4.473    -4.725     0.408   -0.857763    0.514045    0.151831
    28     4.665    -4.375     0.391   -0.895542    0.444978    0.144991
    29     4.826    -4.025     0.381   -0.919821    0.392338    0.137544
    30     4.966    -3.675     0.374   -0.936583    0.350445    0.130118
    31     5.090    -3.325     0.369   -0.949233    0.314575    0.123064
    32     5.199    -2.975     0.365   -0.959545    0.281557    0.116570
    33     5.296    -2.625     0.361   -0.968361    0.249553    0.110730
    34     5.380    -2.275     0.359   -0.976042    0.217583    0.105591
    35     5.452    -1.925     0.356   -0.982693    0.185240    0.101172
    36     5.512    -1.575     0.354   -0.988319    0.152402    0.097483
    37     5.560    -1.225     0.353   -0.992886    0.119073    0.094528
    38     5.596    -0.875     0.351   -0.996351    0.085351    0.092310
    39     5.620    -0.525     0.350   -0.998682    0.051330    0.090831
    40     5.632    -0.175     0.350   -0.999853    0.017132    0.090091
  
           station no=          16  x =   25.000000000000000        75.000000000000000     
     j       y          z        ds         ny          nz         nx
     1    -5.115    -0.175     0.350    0.999761    0.021868    0.116836
     2    -5.100    -0.525     0.351    0.997854    0.065476    0.117311
     3    -5.069    -0.875     0.352    0.994073    0.108711    0.118261
     4    -5.023    -1.225     0.354    0.988481    0.151343    0.119686
     5    -4.962    -1.575     0.357    0.981169    0.193149    0.121585
     6    -4.885    -1.925     0.360    0.972250    0.233946    0.123955
     7    -4.793    -2.275     0.364    0.961840    0.273611    0.126796
     8    -4.686    -2.625     0.368    0.950042    0.312124    0.130098
     9    -4.563    -2.975     0.374    0.936879    0.349653    0.133846
    10    -4.425    -3.325     0.380    0.922209    0.386691    0.138002
    11    -4.269    -3.675     0.387    0.905558    0.424223    0.142483
    12    -4.096    -4.025     0.395    0.885869    0.463935    0.147127
    13    -3.901    -4.375     0.406    0.861125    0.508393    0.151622
    14    -3.679    -4.725     0.423    0.827916    0.560852    0.155410
    15    -3.420    -5.075     0.448    0.781168    0.624321    0.157526
    16    -3.109    -5.425     0.490    0.714899    0.699228    0.156360
    17    -2.720    -5.775     0.560    0.625398    0.780306    0.149299
    18    -2.211    -6.125     0.678    0.516574    0.856243    0.132182
    19    -1.523    -6.475     0.871    0.401862    0.915700    0.098492
    20    -0.562    -6.825     1.177    0.297353    0.954768    0.000000
    21     0.562    -6.825     1.177   -0.297353    0.954768    0.000000
    22     1.523    -6.475     0.871   -0.401862    0.915700    0.098492
    23     2.211    -6.125     0.678   -0.516574    0.856243    0.132182
    24     2.720    -5.775     0.560   -0.625398    0.780306    0.149299
    25     3.109    -5.425     0.490   -0.714899    0.699228    0.156360
    26     3.420    -5.075     0.448   -0.781168    0.624321    0.157526
    27     3.679    -4.725     0.423   -0.827916    0.560852    0.155410
    28     3.901    -4.375     0.406   -0.861125    0.508393    0.151622
    29     4.096    -4.025     0.395   -0.885869    0.463935    0.147127
    30     4.269    -3.675     0.387   -0.905558    0.424223    0.142483
    31     4.425    -3.325     0.380   -0.922209    0.386691    0.138002
    32     4.563    -2.975     0.374   -0.936879    0.349653    0.133846
    33     4.686    -2.625     0.368   -0.950042    0.312124    0.130098
    34     4.793    -2.275     0.364   -0.961840    0.273611    0.126796
    35     4.885    -1.925     0.360   -0.972250    0.233946    0.123955
    36     4.962    -1.575     0.357   -0.981169    0.193149    0.121585
    37     5.023    -1.225     0.354   -0.988481    0.151343    0.119686
    38     5.069    -0.875     0.352   -0.994073    0.108711    0.118261
    39     5.100    -0.525     0.351   -0.997854    0.065476    0.117311
    40     5.115    -0.175     0.350   -0.999761    0.021868    0.116836
  
           station no=          17  x =   30.000000000000000        80.000000000000000     
     j       y          z        ds         ny          nz         nx
     1    -4.455    -0.175     0.350    0.999711    0.024057    0.146313
     2    -4.438    -0.525     0.351    0.997404    0.072008    0.146380
     3    -4.405    -0.875     0.353    0.992839    0.119458    0.146514
     4    -4.354    -1.225     0.355    0.986107    0.166110    0.146714
     5    -4.287    -1.575     0.358    0.977341    0.211673    0.146981
     6    -4.203    -1.925     0.362    0.966701    0.255910    0.147315
     7    -4.102    -2.275     0.367    0.954371    0.298624    0.147713
     8    -3.984    -2.625     0.372    0.940526    0.339721    0.148173
     9    -3.849    -2.975     0.378    0.925308    0.379216    0.148682
    10    -3.697    -3.325     0.385    0.908765    0.417309    0.149215
    11    -3.527    -3.675     0.393    0.890764    0.454466    0.149711
    12    -3.339    -4.025     0.402    0.870856    0.491538    0.150048
    13    -3.131    -4.375     0.413    0.848109    0.529822    0.149995
    14    -2.900    -4.725     0.426    0.820847    0.571149    0.149127
    15    -2.640    -5.075     0.445    0.786472    0.617626    0.146710
    16    -2.345    -5.425     0.472    0.741416    0.671046    0.141515
    17    -1.998    -5.775     0.513    0.681789    0.731549    0.131541
    18    -1.581    -6.125     0.578    0.605245    0.796039    0.113618
    19    -1.058    -6.475     0.681    0.513852    0.857879    0.082827
    20    -0.383    -6.825     0.842    0.415563    0.909564    0.000000
    21     0.383    -6.825     0.842   -0.415563    0.909564    0.000000
    22     1.058    -6.475     0.681   -0.513852    0.857879    0.082827
    23     1.581    -6.125     0.578   -0.605245    0.796039    0.113618
    24     1.998    -5.775     0.513   -0.681789    0.731549    0.131541
    25     2.345    -5.425     0.472   -0.741416    0.671046    0.141515
    26     2.640    -5.075     0.445   -0.786472    0.617626    0.146710
    27     2.900    -4.725     0.426   -0.820847    0.571149    0.149127
    28     3.131    -4.375     0.413   -0.848109    0.529822    0.149995
    29     3.339    -4.025     0.402   -0.870856    0.491538    0.150048
    30     3.527    -3.675     0.393   -0.890764    0.454466    0.149711
    31     3.697    -3.325     0.385   -0.908765    0.417309    0.149215
    32     3.849    -2.975     0.378   -0.925308    0.379216    0.148682
    33     3.984    -2.625     0.372   -0.940526    0.339721    0.148173
    34     4.102    -2.275     0.367   -0.954371    0.298624    0.147713
    35     4.203    -1.925     0.362   -0.966701    0.255910    0.147315
    36     4.287    -1.575     0.358   -0.977341    0.211673    0.146981
    37     4.354    -1.225     0.355   -0.986107    0.166110    0.146714
    38     4.405    -0.875     0.353   -0.992839    0.119458    0.146514
    39     4.438    -0.525     0.351   -0.997404    0.072008    0.146380
    40     4.455    -0.175     0.350   -0.999711    0.024057    0.146313
  
           station no=          18  x =   35.000000000000000        85.000000000000000     
     j       y          z        ds         ny          nz         nx
     1    -3.636    -0.175     0.350    0.999739    0.022852    0.178959
     2    -3.620    -0.525     0.351    0.997657    0.068415    0.178559
     3    -3.588    -0.875     0.352    0.993532    0.113550    0.177760
     4    -3.540    -1.225     0.354    0.987439    0.157998    0.176561
     5    -3.476    -1.575     0.357    0.979488    0.201503    0.174961
     6    -3.396    -1.925     0.361    0.969812    0.243855    0.172958
     7    -3.300    -2.275     0.365    0.958567    0.284867    0.170552
     8    -3.188    -2.625     0.370    0.945913    0.324419    0.167737
     9    -3.060    -2.975     0.376    0.932007    0.362441    0.164505
    10    -2.916    -3.325     0.382    0.916963    0.398973    0.160839
    11    -2.755    -3.675     0.389    0.900827    0.434178    0.156700
    12    -2.578    -4.025     0.396    0.883518    0.468398    0.152011
    13    -2.384    -4.375     0.405    0.864742    0.502216    0.146628
    14    -2.171    -4.725     0.415    0.843898    0.536504    0.140289
    15    -1.937    -5.075     0.427    0.819946    0.572441    0.132537
    16    -1.680    -5.425     0.442    0.791275    0.611460    0.122612
    17    -1.393    -5.775     0.463    0.755652    0.654973    0.109280
    18    -1.068    -6.125     0.493    0.710382    0.703816    0.090595
    19    -0.691    -6.475     0.536    0.652965    0.757388    0.063574
    20    -0.244    -6.825     0.601    0.582447    0.812869    0.000000
    21     0.244    -6.825     0.601   -0.582447    0.812869    0.000000
    22     0.691    -6.475     0.536   -0.652965    0.757388    0.063574
    23     1.068    -6.125     0.493   -0.710382    0.703816    0.090595
    24     1.393    -5.775     0.463   -0.755652    0.654973    0.109280
    25     1.680    -5.425     0.442   -0.791275    0.611460    0.122612
    26     1.937    -5.075     0.427   -0.819946    0.572441    0.132537
    27     2.171    -4.725     0.415   -0.843898    0.536504    0.140289
    28     2.384    -4.375     0.405   -0.864742    0.502216    0.146628
    29     2.578    -4.025     0.396   -0.883518    0.468398    0.152011
    30     2.755    -3.675     0.389   -0.900827    0.434178    0.156700
    31     2.916    -3.325     0.382   -0.916963    0.398973    0.160839
    32     3.060    -2.975     0.376   -0.932007    0.362441    0.164505
    33     3.188    -2.625     0.370   -0.945913    0.324419    0.167737
    34     3.300    -2.275     0.365   -0.958567    0.284867    0.170552
    35     3.396    -1.925     0.361   -0.969812    0.243855    0.172958
    36     3.476    -1.575     0.357   -0.979488    0.201503    0.174961
    37     3.540    -1.225     0.354   -0.987439    0.157998    0.176561
    38     3.588    -0.875     0.352   -0.993532    0.113550    0.177760
    39     3.620    -0.525     0.351   -0.997657    0.068415    0.178559
    40     3.636    -0.175     0.350   -0.999739    0.022852    0.178959
  
           station no=          19  x =   40.000000000000000        90.000000000000000     
     j       y          z        ds         ny          nz         nx
     1    -2.636    -0.175     0.350    0.999837    0.018071    0.215102
     2    -2.624    -0.525     0.351    0.998533    0.054141    0.214276
     3    -2.598    -0.875     0.351    0.995941    0.090005    0.212622
     4    -2.560    -1.225     0.353    0.992092    0.125516    0.210138
     5    -2.510    -1.575     0.355    0.987027    0.160557    0.206820
     6    -2.447    -1.925     0.357    0.980804    0.194998    0.202662
     7    -2.371    -2.275     0.360    0.973488    0.228737    0.197657
     8    -2.282    -2.625     0.363    0.965154    0.261684    0.191798
     9    -2.181    -2.975     0.366    0.955876    0.293770    0.185072
    10    -2.067    -3.325     0.370    0.945730    0.324954    0.177463
    11    -1.940    -3.675     0.374    0.934772    0.355249    0.168946
    12    -1.801    -4.025     0.379    0.923035    0.384717    0.159479
    13    -1.648    -4.375     0.384    0.910499    0.413512    0.148988
    14    -1.483    -4.725     0.390    0.897064    0.441900    0.137349
    15    -1.303    -5.075     0.397    0.882513    0.470288    0.124352
    16    -1.109    -5.425     0.404    0.866450    0.499265    0.109651
    17    -0.899    -5.775     0.413    0.848244    0.529606    0.092697
    18    -0.671    -6.125     0.423    0.826951    0.562274    0.072627
    19    -0.421    -6.475     0.437    0.801254    0.598324    0.048136
    20    -0.145    -6.825     0.455    0.769463    0.638691    0.000000
    21     0.145    -6.825     0.455   -0.769463    0.638691    0.000000
    22     0.421    -6.475     0.437   -0.801254    0.598324    0.048136
    23     0.671    -6.125     0.423   -0.826951    0.562274    0.072627
    24     0.899    -5.775     0.413   -0.848244    0.529606    0.092697
    25     1.109    -5.425     0.404   -0.866450    0.499265    0.109651
    26     1.303    -5.075     0.397   -0.882513    0.470288    0.124352
    27     1.483    -4.725     0.390   -0.897064    0.441900    0.137349
    28     1.648    -4.375     0.384   -0.910499    0.413512    0.148988
    29     1.801    -4.025     0.379   -0.923035    0.384717    0.159479
    30     1.940    -3.675     0.374   -0.934772    0.355249    0.168946
    31     2.067    -3.325     0.370   -0.945730    0.324954    0.177463
    32     2.181    -2.975     0.366   -0.955876    0.293770    0.185072
    33     2.282    -2.625     0.363   -0.965154    0.261684    0.191798
    34     2.371    -2.275     0.360   -0.973488    0.228737    0.197657
    35     2.447    -1.925     0.357   -0.980804    0.194998    0.202662
    36     2.510    -1.575     0.355   -0.987027    0.160557    0.206820
    37     2.560    -1.225     0.353   -0.992092    0.125516    0.210138
    38     2.598    -0.875     0.351   -0.995941    0.090005    0.212622
    39     2.624    -0.525     0.351   -0.998533    0.054141    0.214276
    40     2.636    -0.175     0.350   -0.999837    0.018071    0.215102
  
           station no=          20  x =   45.000000000000000        95.000000000000000     
     j       y          z        ds         ny          nz         nx
     1    -1.433    -0.175     0.350    0.999948    0.010188    0.254925
     2    -1.426    -0.525     0.350    0.999533    0.030554    0.253781
     3    -1.412    -0.875     0.350    0.998704    0.050886    0.251489
     4    -1.390    -1.225     0.351    0.997466    0.071149    0.248043
     5    -1.362    -1.575     0.351    0.995821    0.091326    0.243434
     6    -1.326    -1.925     0.352    0.993777    0.111392    0.237649
     7    -1.283    -2.275     0.353    0.991339    0.131325    0.230673
     8    -1.234    -2.625     0.354    0.988519    0.151097    0.222490
     9    -1.176    -2.975     0.355    0.985324    0.170693    0.213079
    10    -1.112    -3.325     0.357    0.981766    0.190095    0.202417
    11    -1.041    -3.675     0.358    0.977854    0.209288    0.190480
    12    -0.962    -4.025     0.359    0.973599    0.228265    0.177236
    13    -0.877    -4.375     0.361    0.969008    0.247029    0.162651
    14    -0.784    -4.725     0.363    0.964085    0.265593    0.146674
    15    -0.684    -5.075     0.365    0.958826    0.283994    0.129238
    16    -0.577    -5.425     0.367    0.953216    0.302290    0.110245
    17    -0.462    -5.775     0.370    0.947223    0.320574    0.089550
    18    -0.340    -6.125     0.372    0.940790    0.338989    0.066936
    19    -0.210    -6.475     0.375    0.933824    0.357732    0.042082
    20    -0.071    -6.825     0.378    0.926185    0.377070    0.000000
    21     0.071    -6.825     0.378   -0.926185    0.377070    0.000000
    22     0.210    -6.475     0.375   -0.933824    0.357732    0.042082
    23     0.340    -6.125     0.372   -0.940790    0.338989    0.066936
    24     0.462    -5.775     0.370   -0.947223    0.320574    0.089550
    25     0.577    -5.425     0.367   -0.953216    0.302290    0.110245
    26     0.684    -5.075     0.365   -0.958826    0.283994    0.129238
    27     0.784    -4.725     0.363   -0.964085    0.265593    0.146674
    28     0.877    -4.375     0.361   -0.969008    0.247029    0.162651
    29     0.962    -4.025     0.359   -0.973599    0.228265    0.177236
    30     1.041    -3.675     0.358   -0.977854    0.209288    0.190480
    31     1.112    -3.325     0.357   -0.981766    0.190095    0.202417
    32     1.176    -2.975     0.355   -0.985324    0.170693    0.213079
    33     1.234    -2.625     0.354   -0.988519    0.151097    0.222490
    34     1.283    -2.275     0.353   -0.991339    0.131325    0.230673
    35     1.326    -1.925     0.352   -0.993777    0.111392    0.237649
    36     1.362    -1.575     0.351   -0.995821    0.091326    0.243434
    37     1.390    -1.225     0.351   -0.997466    0.071149    0.248043
    38     1.412    -0.875     0.350   -0.998704    0.050886    0.251489
    39     1.426    -0.525     0.350   -0.999533    0.030554    0.253781
    40     1.433    -0.175     0.350   -0.999948    0.010188    0.254925
  
           station no=          21  x =   50.000000000000000        100.00000000000000     
     j       y          z        ds         ny          nz         nx
     1    -0.000    -0.175     0.350    1.000000    0.000000    0.295819
     2    -0.000    -0.525     0.350    1.000000    0.000000    0.294434
     3    -0.000    -0.875     0.350    1.000000    0.000000    0.291658
     4    -0.000    -1.225     0.350    1.000000    0.000000    0.287481
     5    -0.000    -1.575     0.350    1.000000    0.000000    0.281885
     6    -0.000    -1.925     0.350    1.000000    0.000000    0.274850
     7    -0.000    -2.275     0.350    1.000000    0.000000    0.266349
     8    -0.000    -2.625     0.350    1.000000    0.000000    0.256352
     9    -0.000    -2.975     0.350    1.000000    0.000000    0.244827
    10    -0.000    -3.325     0.350    1.000000    0.000000    0.231738
    11    -0.000    -3.675     0.350    1.000000    0.000000    0.217050
    12    -0.000    -4.025     0.350    1.000000    0.000000    0.200731
    13    -0.000    -4.375     0.350    1.000000    0.000000    0.182756
    14    -0.000    -4.725     0.350    1.000000    0.000000    0.163112
    15    -0.000    -5.075     0.350    1.000000    0.000000    0.141807
    16    -0.000    -5.425     0.350    1.000000    0.000000    0.118883
    17    -0.000    -5.775     0.350    1.000000    0.000000    0.094429
    18    -0.000    -6.125     0.350    1.000000    0.000000    0.068603
    19    -0.000    -6.475     0.350    1.000000    0.000000    0.041657
    20    -0.000    -6.825     0.350    1.000000    0.000000    0.000000
    21     0.000    -6.825     0.350   -1.000000    0.000000    0.000000
    22     0.000    -6.475     0.350   -1.000000    0.000000    0.041657
    23     0.000    -6.125     0.350   -1.000000    0.000000    0.068603
    24     0.000    -5.775     0.350   -1.000000    0.000000    0.094429
    25     0.000    -5.425     0.350   -1.000000    0.000000    0.118883
    26     0.000    -5.075     0.350   -1.000000    0.000000    0.141807
    27     0.000    -4.725     0.350   -1.000000    0.000000    0.163112
    28     0.000    -4.375     0.350   -1.000000    0.000000    0.182756
    29     0.000    -4.025     0.350   -1.000000    0.000000    0.200731
    30     0.000    -3.675     0.350   -1.000000    0.000000    0.217050
    31     0.000    -3.325     0.350   -1.000000    0.000000    0.231738
    32     0.000    -2.975     0.350   -1.000000    0.000000    0.244827
    33     0.000    -2.625     0.350   -1.000000    0.000000    0.256352
    34     0.000    -2.275     0.350   -1.000000    0.000000    0.266349
    35     0.000    -1.925     0.350   -1.000000    0.000000    0.274850
    36     0.000    -1.575     0.350   -1.000000    0.000000    0.281885
    37     0.000    -1.225     0.350   -1.000000    0.000000    0.287481
    38     0.000    -0.875     0.350   -1.000000    0.000000    0.291658
    39     0.000    -0.525     0.350   -1.000000    0.000000    0.294434
    40     0.000    -0.175     0.350   -1.000000    0.000000    0.295819
