  
  
 speed =   10.000000000000000      knots Fn=  0.16426877760354594       heading =   180.00000000000000      deg.
  1 : Havelock, 2: Joosen,  3: Gerritsma & Bukelman,     4: Salvesen, 5 : Boese
  
  we        l/L  sqrt(L/l)     1         2            3        4         5
  9.1495    0.25    2.00     0.000     0.000     0.075     0.019    -0.000
  7.7247    0.32    1.78     0.000     0.000     0.235     0.073     0.001
  6.6583    0.39    1.60     0.001     0.001     0.439     0.160     0.005
  5.8344    0.47    1.46     0.017     0.017     0.776     0.429     0.022
  5.1812    0.56    1.33     0.046     0.046     1.124     0.637    -0.062
  4.6522    0.66    1.23     0.077     0.077     1.540     0.812    -0.017
  4.2161    0.76    1.14     0.691     0.691     1.640     1.899     1.227
  3.8510    0.88    1.07     6.288     6.288     3.383     6.159     5.316
  3.5414    1.00    1.00    29.610    29.610    16.770    14.845    12.135
  3.2759    1.13    0.94    30.411    30.411    20.495    16.359    10.671
  3.0459    1.26    0.89    20.369    20.369    14.559    14.082     4.576
  2.8449    1.41    0.84    14.223    14.223     9.874    11.996     1.021
  2.6678    1.56    0.80    10.684    10.684     6.829    10.397    -0.505
  2.5108    1.72    0.76     8.477     8.477     4.821     9.170    -1.064
  2.3706    1.89    0.73     6.991     6.991     3.469     8.191    -1.203
  2.2448    2.06    0.70     5.900     5.900     2.516     7.392    -1.167
  2.1313    2.25    0.67     5.081     5.081     1.852     6.723    -1.056
  2.0284    2.44    0.64     4.434     4.434     1.375     6.155    -0.926
  1.9348    2.64    0.62     3.900     3.900     1.026     5.665    -0.800
  1.8492    2.84    0.59     3.465     3.465     0.775     5.239    -0.682
  1.7706    3.06    0.57     3.104     3.104     0.591     4.864    -0.576
  1.6983    3.28    0.55     2.788     2.788     0.452     4.533    -0.489
  1.6316    3.51    0.53     2.514     2.514     0.348     4.237    -0.414
  1.5698    3.75    0.52     2.278     2.278     0.270     3.971    -0.350
  1.5124    4.00    0.50     2.074     2.074     0.212     3.731    -0.296
  1.4590    4.25    0.49     1.897     1.897     0.167     3.514    -0.250
  1.4091    4.51    0.47     1.738     1.738     0.133     3.316    -0.212
  1.3625    4.78    0.46     1.592     1.592     0.105     3.136    -0.182
  1.3188    5.06    0.44     1.462     1.462     0.084     2.970    -0.156
  1.2778    5.34    0.43     1.347     1.347     0.068     2.818    -0.134
  1.2392    5.63    0.42     1.245     1.245     0.055     2.678    -0.115
  1.2029    5.93    0.41     1.153     1.153     0.045     2.548    -0.099
  1.1686    6.24    0.40     1.071     1.071     0.037     2.427    -0.085
