 w       sw      we      sz      heave   heave_res   pitch   pitch_res

1.5707   0.0799   2.8653   0.0302   0.0012   0.0000   0.0003   0.0000
1.3963   0.1420   2.4190   0.0577   0.0009   0.0000   0.0012   0.0000
1.2567   0.2363   2.0849   0.1020   0.0019   0.0000   0.0035   0.0000
1.1424   0.3715   1.8269   0.1691   0.0238   0.0001   0.0169   0.0000
1.0472   0.5560   1.6224   0.2651   0.0752   0.0015   0.0204   0.0001
0.9667   0.7962   1.4568   0.3955   0.1061   0.0045   0.0199   0.0002
0.8975   1.0964   1.3202   0.5650   0.0614   0.0021   0.1652   0.0154
0.8377   1.4524   1.2059   0.7734   0.2625   0.0533   0.5645   0.2465
0.7854   1.8549   1.1088   1.0175   1.0006   1.0187   1.3018   1.7244
0.7393   2.2852   1.0259   1.2876   1.0746   1.4869   1.5177   2.9659
0.6980   2.7225   0.9538   1.5724   0.9203   1.3317   1.4374   3.2487
0.6614   3.1246   0.8909   1.8456   0.8817   1.4347   1.3422   3.3248
0.6282   3.4603   0.8355   2.0867   0.8874   1.6432   1.2678   3.3540
0.5984   3.6882   0.7863   2.2667   0.9044   1.8540   1.2159   3.3511
0.5712   3.7826   0.7425   2.3663   0.9210   2.0072   1.1758   3.2714
0.5464   3.7253   0.7030   2.3688   0.9371   2.0802   1.1463   3.1126
0.5236   3.5149   0.6673   2.2696   0.9495   2.0462   1.1213   2.8536
0.5026   3.1710   0.6351   2.0770   0.9599   1.9138   1.1006   2.5160
0.4832   2.7273   0.6059   1.8105   0.9692   1.7007   1.0830   2.1235
0.4653   2.2344   0.5790   1.5020   0.9760   1.4307   1.0674   1.7113
0.4487   1.7368   0.5546   1.1813   0.9810   1.1368   1.0537   1.3116
0.4334   1.2805   0.5317   0.8806   0.9860   0.8561   1.0413   0.9548
0.4190   0.8894   0.5111   0.6181   0.9904   0.6063   1.0298   0.6554
0.4055   0.5812   0.4916   0.4079   0.9934   0.4025   1.0195   0.4239
0.3927   0.3528   0.4735   0.2499   0.9955   0.2477   1.0104   0.2551
0.3808   0.2010   0.4569   0.1437   0.9969   0.1428   1.0024   0.1444
0.3695   0.1061   0.4412   0.0765   0.9983   0.0762   0.9949   0.0757
0.3592   0.0529   0.4268   0.0384   1.0004   0.0384   0.9868   0.0374
0.3492   0.0239   0.4130   0.0175   1.0018   0.0176   0.9794   0.0168
0.3398   0.0100   0.4002   0.0074   1.0028   0.0074   0.9729   0.0070
0.3307   0.0037   0.3880   0.0028   1.0033   0.0028   0.9672   0.0026
0.3222   0.0013   0.3767   0.0010   1.0036   0.0010   0.9623   0.0009
0.3141   0.0004   0.3661   0.0003   1.0037   0.0003   0.9581   0.0003
